K 2nd I-TDS	Des D 50eV	err Des D+mask final
T sample	D m-2 s-1	
2nd I-TDS	2nd I-TDS	2nd I-TDS
322.144011212744	0	1.41352306474566E15
322.486578579372	0	1.44322328726656E15
322.144011212744	0	1.37839070711265E15
321.871153934096	0	1.47287524430526E15
322.212219521663	0	1.39172269193479E15
322.348628908791	0	1.20990925374116E15
322.212219521663	0	1.3239642380293E15
322.144011212744	0	1.41964885774577E15
322.075800496982	1.20939963623329E15	1.36427927819784E15
322.418379978224	428465078065000	1.38039043515083E15
322.486578579372	850875869849931	1.43328997461209E15
322.280425421193	694759287525517	1.34627596439962E15
322.075800496982	844630016059018	1.30352953946215E15
322.280425421193	1.36610799287913E15	1.86794133810932E15
322.691159854993	2.53482085321369E15	1.7712446256894E15
323.510814932776	2.34071742256221E15	1.59343395656095E15
324.60416716271	2.18460242612086E15	1.62737964045745E15
325.014395972349	3.46984392481277E15	1.62695956840685E15
326.311045380708	2.87639811768369E15	1.57516346752336E15
327.129097609167	4.19861243916005E15	1.55970134956667E15
329.378728438678	4.14696134674785E15	1.69044742122112E15
330.331163456434	5.47042985715881E15	1.78750155747879E15
331.557584228202	7.36764756344962E15	1.84077666584439E15
333.052755912689	5.53448374487943E15	1.71717165742513E15
334.478836689932	8.73337099468845E15	1.94721709613854E15
336.380362041184	9.83752918962608E15	2.00230095340494E15
337.803464606812	8.26823504717281E15	2.06475836784879E15
339.225256185471	8.47242590777927E15	1.97060316396552E15
341.390687273663	1.29923406858871E16	2.2364867198864E15
342.606971203583	1.27447187799367E16	2.2678363889568E15
344.698616359899	1.36573287986962E16	2.29957192229811E15
346.18247953822	1.7430087276827E16	2.49424212436231E15
347.461830906691	1.73910297075543E16	2.53331879666259E15
349.479198383693	2.00317728791966E16	2.63515767458347E15
350.755462320907	2.06994507731751E16	2.70734183820193E15
352.769401627811	2.3553470353342E16	2.84930315143898E15
354.376497988736	2.62177402930441E16	3.01949523176001E15
355.916388556566	2.84503696234354E16	3.08135973798773E15
357.52103521757	2.92987269309893E16	3.26317663994434E15
359.790363587011	3.43622467573498E16	3.34895414196961E15
361.655613632057	3.41730286751166E16	3.51483627002931E15
363.317543183761	3.56869724292494E16	3.50903334796384E15
364.978640284457	3.60143235478185E16	3.58484348164804E15
366.172924180395	3.87053146618261E16	3.63462118693896E15
368.227672629088	3.771812686874E16	3.75194236531072E15
369.881677989334	4.04314317068531E16	3.86186903657711E15
371.796537201624	4.44147307938644E16	3.95062864424202E15
373.708064361809	5.2546205365448E16	4.18360729313124E15
375.419444986677	5.13392442194279E16	4.26347654954495E15
377.324544981038	4.75608077121316E16	4.33026986072936E15
379.095471738322	5.09900027731371E16	4.51109977870728E15
380.602321119712	5.42560650436121E16	4.62411629207032E15
382.955399091195	5.54721744372871E16	4.7201174814399E15
384.390044962364	5.36788237216168E16	4.69594562120362E15
386.213652294241	5.62517248281078E16	4.85940824368152E15
388.035368445851	6.39435833448885E16	5.03846818698836E15
389.333254724154	6.77640562362435E16	5.18645382001336E15
391.730186761388	6.40568968607623E16	5.26351587743323E15
393.927936584895	6.53418912379341E16	5.43289883608902E15
395.990597002922	6.69465399447574E16	5.47707195036065E15
397.535678103565	6.67753489997485E16	5.48549786373979E15
399.526285585493	7.25185514130482E16	5.75575507912363E15
401.450116276143	7.17752521525229E16	5.90148408416917E15
403.304644029655	7.00397350502577E16	5.7515088557039E15
405.028090182812	7.08344935533722E16	5.92758264510598E15
407.257314203512	7.04978952060098E16	6.07752045910063E15
409.798605541475	7.04969709520712E16	6.02607412180585E15
412.267852747185	6.77996311457542E16	6.14229638581722E15
414.09932378523	6.58514488107688E16	6.18660135703756E15
415.487076479468	7.1411967715061E16	6.3748331446247E15
417.311481273812	7.19354686106514E16	6.29990840159255E15
419.06928551221	6.95777736329502E16	6.43275752283503E15
421.199174938704	7.06298559952466E16	6.43280329466182E15
423.323447903327	7.17960806623972E16	6.60531072024476E15
425.192373191418	7.276623538529E16	6.61884624432017E15
426.99495128827	7.08609706967664E16	6.49972690639568E15
429.103728624723	6.62904767683075E16	6.51239481535247E15
431.391589524561	6.93271431322992E16	6.68577878473302E15
433.181240435224	7.03251090269285E16	6.75249161856396E15
435.026609039366	7.18901734294663E16	6.66785191015909E15
437.052301382936	7.09142914651827E16	6.67733789444773E15
439.13212029698	7.01829197001221E16	6.65801460254666E15
441.330480974242	6.98678571411803E16	6.77976838665211E15
442.790588070362	7.23727212848319E16	6.74923377088958E15
444.795215708501	7.14498121523179E16	6.82360792234392E15
446.611953508079	7.8041181117781E16	7.05261105851391E15
448.726407489667	6.73294961693591E16	6.75542365853478E15
450.534629822278	7.43470380023438E16	6.87541868557605E15
452.39677650131	6.37032825584321E16	6.60142280372082E15
454.613512554146	7.00463419767834E16	6.85700270977951E15
456.882758114283	6.71913204774285E16	6.7716628441643E15
458.312813388064	7.32304411796187E16	6.88324192152412E15
460.214980527938	7.11616243441657E16	6.74247183909395E15
461.992506931221	6.61504418190921E16	6.66926861362191E15
463.884544144278	7.35717829611266E16	6.83628399771155E15
465.887433857961	7.33745223054284E16	6.80221927541102E15
467.768686047432	6.75857075369632E16	6.69487425177579E15
469.819819706258	6.8558695453284E16	6.68411407411444E15
471.688802423609	7.88625759883833E16	6.77199516361551E15
473.787314541172	7.30289206089224E16	6.74741038782371E15
475.413750628458	6.72721554131522E16	6.64944793856445E15
476.803912718409	7.41723275220788E16	6.75819695827739E15
479.05897589925	7.18635122948222E16	6.67303139106759E15
480.844676062613	7.75539441948038E16	6.67235956705632E15
482.569562709681	7.17566069574387E16	6.66827185327053E15
484.803540587226	7.45610001953875E16	6.53458856020323E15
486.118241944992	7.28313261068731E16	6.5456045083539E15
487.714300844998	6.94068255340267E16	6.52134088709027E15
489.760760582972	7.14325348196502E16	6.47349779514016E15
491.630106896396	7.87341235968428E16	6.49274940306636E15
493.213804163059	6.87785031381315E16	6.22010230729005E15
495.24276160734	7.87311641255967E16	6.39435972426734E15
496.816231052608	7.2183031033964E16	6.25453516595392E15
498.833719205123	6.99058629669764E16	6.23041233313358E15
500.733509053813	7.33098458243861E16	6.200568653876E15
502.404384046434	7.52100921294115E16	6.24865895216677E15
504.070831238436	7.87169835096279E16	6.2188659992453E15
505.456793003774	7.68724183719135E16	6.08137385712302E15
507.501855259534	8.40082841655964E16	6.1670104208351E15
508.935172094764	8.03192148836279E16	6.19544439330358E15
510.749895698058	7.93519658376366E16	5.99354927940831E15
512.394283588252	7.54919585796432E16	5.82557760606644E15
514.144514117227	7.89025195458306E16	5.94218535144115E15
515.942906744727	8.70687300191997E16	5.97900967365308E15
518.009255563011	8.47933800687386E16	5.91522643339128E15
519.201327651037	7.93530388756115E16	5.69397392994154E15
520.986375452434	7.88978695904833E16	5.75756216603702E15
522.712584378104	8.2845698159503E16	5.78464061216437E15
524.164885793878	7.61949580172831E16	5.58746087231573E15
526.042581368069	7.45668018143916E16	5.49882366621311E15
527.967868389145	8.27695821183124E16	5.55609760936292E15
529.140957473311	8.06726788865918E16	5.5439148973415E15
531.00365711229	7.76697867651259E16	5.49086819559125E15
532.489557761123	8.35192121092594E16	5.51021684923206E15
534.289522100722	8.0486875689897E16	5.40274011552455E15
535.925356977767	8.38850063590432E16	5.38708415663642E15
537.610532558084	8.06972155363434E16	5.34764326137888E15
539.500320756577	7.65872944952059E16	5.22059030468425E15
540.809572126738	8.16463026143709E16	5.21860788270458E15
542.689701548032	7.82382550310213E16	5.12566297321253E15
543.887284209855	8.23302224433474E16	5.25384562371348E15
545.758195695241	8.06833298646908E16	5.06097892351901E15
547.262181911633	7.77248242515285E16	5.13079956110226E15
548.864426532272	7.95127123581118E16	5.08752124279907E15
550.257067543431	7.8552700002536E16	5.06158027363676E15
552.21279545976	7.82276631158333E16	4.87787045247764E15
553.700321160195	7.38097384148254E16	4.88831698535182E15
555.133371866003	6.80231524605796E16	4.77224797434919E15
556.205756135801	7.12376855717497E16	4.75591996332442E15
557.480772166585	7.3562473059035E16	4.70318030627835E15
559.463953045155	6.94868443562724E16	4.75106399029352E15
560.783059814935	7.26427877632534E16	4.71248619035556E15
562.251940316675	7.70874655905842E16	4.77437213844002E15
564.824757266114	7.63757960840632E16	4.65178781634045E15
565.780814696928	6.74385019454002E16	4.60328353164779E15
567.238442161824	7.20235116875251E16	4.72288478610265E15
568.992399714115	6.71684708244067E16	4.55269784361696E15
570.44178934507	6.14331001386177E16	4.3671837383638E15
571.588620584355	6.35563537025457E16	4.45860766730945E15
573.132691612041	6.080590676697E16	4.33393687139246E15
574.772170988696	6.03682564449748E16	4.31214802773606E15
576.110281036712	6.23224613527516E16	4.32548505103697E15
577.692134525858	5.44462197951511E16	4.26628128641399E15
578.876943432074	5.85553309730497E16	4.21383711952886E15
580.452374122579	5.67589705925607E16	4.21515639559187E15
581.583419121496	5.06374152172133E16	3.98149992627565E15
583.54580047555	4.94837202225751E16	4.01667118367993E15
584.573137304206	5.3061172785522E16	4.12954350284986E15
585.989620356142	4.53767450414193E16	3.91362247168995E15
587.354664039006	4.39889585134648E16	3.80603824596544E15
588.96059624863	4.80339847733906E16	3.86735461133147E15
590.223158984539	4.06770558700407E16	3.6982049325206E15
591.483498043569	4.13507905651772E16	3.81880521551622E15
592.644089969384	4.31259705035394E16	3.60383837000692E15
594.47990876138	4.18139625926294E16	3.79715561670627E15
595.924956267236	4.00222857084251E16	3.62971395059516E15
597.319257569218	4.32434112247789E16	3.78378613506462E15
598.567437681472	4.28512120475899E16	3.65528905466254E15
600.148885819103	4.1896528179341E16	3.67311037200395E15
601.727031392615	3.74210839536765E16	3.51196903024868E15
603.492072418084	3.94792736703571E16	3.61277831559844E15
604.635243314812	3.66224776380076E16	3.49894222346519E15
606.441030692227	3.80965455251058E16	3.50108065708304E15
607.769017604435	3.81416272060633E16	3.57153857812129E15
609.804539447359	3.88613826824866E16	3.62690063958269E15
611.12695737563	3.56337960976453E16	3.44007399885385E15
612.683263432999	3.72021373686386E16	3.43244253019623E15
614.32935754118	3.5831763520054E16	3.3983825260656E15
616.021133997312	3.58547730398977E16	3.42030466701181E15
617.941965320237	2.90727330259186E16	3.31547503969056E15
619.439094945952	3.59827182551593E16	3.58578421902747E15
621.446418284731	3.1081547093654E16	3.35142570705436E15
622.843661725546	3.11166967472853E16	3.36111104696158E15
624.982304654729	2.60926749734527E16	3.28424092165588E15
626.560140504202	2.74909466954666E16	3.26051354326871E15
628.042957829709	2.76465991653491E16	3.19387807759462E15
629.846070858417	2.44401241958048E16	3.18716583424169E15
631.738826483622	2.12191167877636E16	3.0475922946633E15
633.626873524456	2.06218398743542E16	2.96680241839447E15
634.77694614005	2.07353021435147E16	3.06315339421987E15
636.338861186353	1.90323331572875E16	3.07220597250347E15
637.989820281755	1.70310950084548E16	2.99664546677037E15
640.004241906835	1.36730601258128E16	2.84300890680909E15
641.695039592404	1.34396079744392E16	2.82758186294612E15
642.927294466833	1.47057539168284E16	2.80019500287957E15
644.749889013659	1.47809477740467E16	2.79054331921349E15
646.570588737164	9.92857157019122E15	2.64831657584934E15
647.479349487714	1.05274522432972E16	2.61683825708735E15
649.249524073479	1.09627269354661E16	2.66629996649395E15
651.018125083211	9.89547123402142E15	2.63014933135411E15
652.692923520736	8.17923534091461E15	2.51175831063708E15
654.32043858104	5.83430254705223E15	2.39012873308212E15
655.720837483311	7.13193886462287E15	2.47805413181003E15
656.983811853974	8.3415492844198E15	2.50359876618696E15
658.65096819578	5.39755008120281E15	2.27246911791278E15
660.226379644035	4.82282820642356E15	2.25809627119665E15
661.889682126276	5.27981290072772E15	2.30625920439474E15
663.102326420902	3.73037805009198E15	2.20828739828602E15
665.076494943165	3.46127959813365E15	2.13870036101586E15
666.68974755517	4.7014771606837E15	2.3144753965294E15
668.03253176597	5.29443220512459E15	2.22110087333947E15
669.598221145051	4.32699159959236E15	2.15108628431684E15
670.984214245629	3.99248922101579E15	2.16985617932891E15
672.725256877348	3.82057390766725E15	2.14057955882407E15
674.509071177251	3.76695564472289E15	2.17417987844058E15
675.668026975053	4.46771008330636E15	2.15046611082456E15
677.138183995314	3.47693309120132E15	2.06052371992089E15
678.695989198626	4.29839436466442E15	2.14193674574137E15
680.519640869098	1.14645806169584E15	1.90979165563696E15
682.252108419434	2.16248160093067E15	1.98435413960709E15
683.894674341557	2.64738097866071E15	2.11051682852519E15
685.004144389232	1.70998098671411E15	1.96127754320083E15
686.64476175535	2.67730810246329E15	2.01040711473846E15
688.284282307906	1.55843722328349E15	1.91319844577336E15
689.746105511296	3.01245288924977E15	1.95981598688391E15
691.870153439417	3.34154878911225E15	2.11536895156877E15
693.418285637481	2.46303791735114E15	2.03069580597586E15
694.700096463286	1.70426216616492E15	1.90111961281125E15
696.290849723365	2.25157207382471E15	1.83495972801836E15
697.792735964486	1.36820060924363E15	1.86599149858958E15
699.205908937799	2.8194462002463E15	1.99211654707714E15
700.970597287748	2.21119897326023E15	1.98761803163816E15
702.47054146873	1.96232495036539E15	1.92438857647844E15
704.1018521396	886031583136936	1.87277276471368E15
706.041235689017	238718708300744	1.68723146998816E15
707.318728909078	1.15680659792269E15	1.87921191892637E15
708.72868517009	1.96745778668886E15	1.86999497705088E15
710.754099589838	1.68242053836292E15	1.76955680882657E15
711.942664978873	2.03254697422297E15	1.94899606574338E15
713.791433675871	440387106378626	1.90540516998196E15
715.595827991261	2.03682200071016E15	1.92137023233569E15
717.090691963431	628253478256518	1.78938176941979E15
718.586292875965	91527797242733.3	1.62093901608361E15
720.258099802835	425661470010585	1.6779923210661E15
722.01636344939	1.03984241984512E15	1.83044041537823E15
723.774387746866	794999255701141	1.82680467371322E15
724.962235012317	147342891290834	1.73046329733551E15
726.9391558216	1.2860246535286E15	1.8897860665769E15
728.258338773548	2.05479583790794E15	1.81622615839014E15
729.840489471728	-19878830880570.5	1.75541944051598E15
731.818106933609	1.08968791607416E15	1.77270057240505E15
733.09233061618	286290582040287	1.71659110671666E15
734.630566668537	-192917576929156	1.65791169486573E15
736.432845293143	-150092833877930	1.77752260057674E15
737.794809594938	70198062426094.5	1.65308600868976E15
739.333187523491	1.06879007798041E15	1.71604871206241E15
741.354939129805	-187865835783649	1.64014057575341E15
742.805858764572	616511252032560	1.71446710957904E15
744.520012558607	-717989216039966	1.65268128173049E15
746.191497881114	-60151025523886.3	1.57500409543172E15
747.55415419285	656955532299605	1.56913728831473E15
749.313768063698	482223280272799	1.68544328221844E15
750.941030544342	-1.08181670739276E15	1.57970367932931E15
752.656311295805	-119543788222579	1.61600640366492E15
754.196331213807	465861484981031	1.59403055515316E15
755.604916491497	-689036541472693	1.53947389559674E15
757.056634312889	-35812747273070.5	1.60558472539028E15
758.730163471185	167945015015288	1.65163333054767E15
760.226356511475	-320231527790105	1.52260767898867E15
762.120221709862	-299655204134652	1.55103575461711E15
763.882740714735	231659463888114	1.62502131489321E15
765.336022640471	-364025757849484	1.45855666107609E15
767.143311970115	-298346872421849	1.58902295175744E15
768.598286809468	-536373765937877	1.51858691448376E15
770.582408060426	-486700583857871	1.541027493991E15
772.082150068528	-794000870208202	1.51804800017718E15
773.714274648211	-759078294148903	1.63511583644387E15
775.302808143502	-460221495626811	1.51733995849025E15
777.245021437775	-982885887441284	1.5462259229668E15
778.613251347277	-561427239276456	1.45992522415207E15
780.070906343576	-781961740518813	1.49980200960247E15
781.926531940654	-1.51518154976343E15	1.4850273094378E15
783.64949373845	-453749298612589	1.61255127034847E15
785.417059349487	189881475881826	1.52103174481414E15
786.876406890592	-307747659940731	1.46855015356101E15
788.601836588397	-259834494604564	1.47766959692226E15
790.194378772484	-756074285348882	1.53630802870777E15
791.831501287466	445163395696144	1.64277723569351E15
793.424926871865	-760089132906384	1.48845885777844E15
795.37314698182	96291843584652.6	1.50241633839455E15
796.65725643562	-106343225403555	1.46415658759869E15
798.650735486515	-214632278789928	1.39182870131738E15
800.245995389795	-564688947979170	1.45197616751692E15
801.930111914907	-1.42666563404592E15	1.30649441883227E15
803.393537205899	-124352243265154	1.3623740331109E15
805.122750806313	742951701677102	1.48494399819661E15
806.853441262012	-919179144363154	1.34592313667601E15
808.316995359469	423598021331574	1.49461390735398E15
809.91470209926	-1.0977542004408E15	1.34372862164193E15
811.291368302924	-541291481008831	1.42532358844343E15
813.511921621065	-1.56481268876929E15	1.27759247689426E15
814.75537300033	-464105050693662	1.26594488582896E15
816.931669099718	-229676169371650	1.46849869021164E15
818.575635597816	-530216597279775	1.34029407014197E15
820.131273377454	-414333158643679	1.38358120967639E15
822.354413231536	-580006097427090	1.43593363600099E15
823.999463972387	-1.00937847552969E15	1.37121886790608E15
825.377626786934	-1.44956139902588E15	1.23186476715946E15
827.201707599473	-270039579180798	1.47041072380325E15
828.981742483498	-1.25500275028092E15	1.28662080115533E15
830.539139054456	-1.10160803245253E15	1.38844667103619E15
831.962568797408	-538598849160781	1.35261451034278E15
834.009733674028	-1.09728191835876E15	1.35286848384439E15
835.345758170691	-1.07373793391666E15	1.26108516329609E15
837.303598683479	-948773707956335	1.28023879883017E15
838.861967722022	-1.9314654928131E15	1.29104855457239E15
840.554725512571	-880777209045555	1.28898804270974E15
842.335448322594	-883392330228168	1.43234845340302E15
844.161729391252	0	1.4788409533602E15
845.809411576504	0	1.37064149635704E15
847.50158512942	0	1.31380199470093E15
849.3503074593	0	1.3101661519751E15
851.064766514539	0	1.23842273506548E15
852.311737835027	0	1.19393330033529E15
854.227102322883	0	1.30843440283242E15
856.142406902021	0	1.33702573525792E15
857.923343145889	0	1.25141583116973E15
859.215564212084	0	1.36302608720022E15
861.129534533987	0	1.34272100613371E15
862.866681994352	0	1.31698560501672E15
864.380605796209	0	1.23928645119993E15
866.116374337376	0	1.3894914872043E15
867.986094749667	0	1.2850855797503E15
869.588176579241	0	1.28629875171761E15
870.878335808247	0	1.27560891473017E15
872.835931042536	0	1.34623305711804E15
874.30408823507	0	1.30712523743652E15
876.171159701145	0	1.34589593943555E15
877.817057069529	0	1.28347272534809E15
879.283217348144	0	1.28518140003407E15
881.238586612298	0	1.37446094309017E15
882.927493376841	0	1.33353412798406E15
884.747768499983	0	1.18578863355018E15
886.612708122744	0	1.35899009421151E15
888.210395160935	0	1.18617789867453E15
889.984535098089	0	1.47712521197748E15
891.404159410152	0	1.29298442146315E15
893.310681557311	0	1.21863333315794E15
894.905989783636	0	1.25426786278353E15
896.544844098786	0	1.46037233833656E15
898.404787174981	0	1.21346247274358E15
900.130401113432	0	1.29913510627057E15
901.899295193608	0	1.28690545703651E15
903.402744754655	0	1.22675093370066E15
905.391267733836	0	1.47125182795079E15
906.849072929911	0	1.45777764903447E15
908.835435931219	0	1.36840969227942E15
909.982630023837	0	1.20059954597554E15
911.349278695641	0	1.31084866409569E15
913.774050365555	0	1.30070707546967E15
915.535103601038	0	1.26281648289225E15
916.767356805775	0	1.13336966398805E15
918.923157361032	0	1.32504286063089E15
920.636929545362	0	1.30800368123536E15
922.525693439553	0	1.25296457481119E15
923.798313220944	0	1.23445592650697E15
925.597127028703	0	1.32138932389338E15
927.262450578351	0	1.30976610214585E15
928.970228718254	0	1.30459449482265E15
930.414862413809	0	1.23962005146579E15
932.252018599028	0	1.23728723721204E15
934.043044326877	0	1.35933685616067E15
935.397189093324	0	1.26751673965145E15
937.317009236826	0	1.24849431400327E15
939.148097124934	0	1.24047595641417E15
940.889675333116	0	1.22376231802383E15
942.804214498845	0	1.24992708931149E15
943.716921652909	0	1.38994294875917E15
945.628637819976	0	1.32023654929575E15
947.322045397252	0	1.29922851072915E15
948.795749784249	0	1.27878318622778E15
950.745422046434	0	1.15679057606304E15
952.477237027476	0	1.3878875338569E15
953.90459187689	0	1.40723000025668E15
955.589259084808	0	1.32913522778857E15
957.359335963058	0	1.40404534452913E15
959.342508644124	0	1.35108045191378E15
960.376670948397	0	1.31797655880816E15
962.226615702878	0	1.2653467164867E15
964.118343333227	0	1.25458011413577E15
965.320866498566	0	1.19626019459477E15
967.252791977176	0	1.2454446360135E15
969.009570451645	0	1.27492716289471E15
970.55100569916	0	1.24625986683923E15
972.305156300159	0	1.23938758865203E15
974.270340142214	-201153880349847	1.2163008125072E15
975.806694337224	588342522932768	1.32972298308513E15
977.214025940893	1.05148477969543E15	1.30754949185882E15
979.258012370632	-38423507443325.4	1.21754096339215E15
980.662245588895	434274973397215	1.26858680191892E15
982.234717339086	894908786100110	1.24987957775801E15
984.018199659742	871624479247949	1.37166345263969E15
985.587274632737	779175876822525	1.27363900747187E15
987.493596171413	590086796991441	1.18685094395058E15
989.143521803558	814197473308615	1.34857817526007E15
990.538827093692	43834063990060.7	1.15616388780873E15
992.649513854948	364285338813963	1.20979333668257E15
993.999608071217	162892947145757	1.27995311747724E15
995.516581755776	-228495053738353	1.24558694256848E15
996.906157949709	33841048414805.5	1.26264089512549E15
998.756681313563	624801163638765	1.32783963802964E15
999.638745148109	1.21450715611868E15	1.39973642568495E15
1002.40840071107	1.0500859351613E15	1.43013227305977E15
1003.79188151916	326788575610966	1.25058397124563E15
1005.59259154359	739640606018881	1.40254279842002E15
1006.9733116476	504739665354175	1.36760894297394E15
1008.60285833776	669181034976510	1.31218274620533E15
1010.10589550652	160547077325226	1.22584961057544E15
1011.9411752175	124959458635942	1.3006099901397E15
1013.35808164121	89849061155054	1.22841825079931E15
1015.2727776188	469969642673795	1.28882420407256E15
1016.85273021768	858630836844729	1.13998279230972E15
1018.38980944911	41739900356357.2	1.37836964682779E15
1019.71859010749	53933931580936.7	1.17299357021928E15
1021.41951303956	621780189574174	1.38934838060601E15
1022.99394394482	977948446174294	1.43413792487247E15
1024.77434669363	197551459188349	1.32775865211946E15
1026.30467693346	1.24973169036446E15	1.31145105231758E15
1027.91619348356	348326245998091	1.32662782243277E15
1029.29990568571	-112525863167654	1.20175615783821E15
1031.21847012165	77599109135183.4	1.38449685993302E15
1033.03247920989	-183462523037303	1.20236359600587E15
1034.59756909363	160163910407336	1.28505739185092E15
1036.03839450391	539268814309832	1.33991330839608E15
1037.84837510717	1.21223499335203E15	1.42762655152903E15
1039.32813017489	465823710380417	1.32892086516867E15
1040.88982763593	242748926534997	1.15143866407584E15
1042.53148700138	704636928172496	1.34439518699981E15
1044.29576636692	549533552355748	1.26488870681784E15
1045.81267211111	1.60147513983239E15	1.33619919779103E15
1047.24704318914	111985964897673	1.27514729047289E15
1049.00841530316	1.44650119329313E15	1.38915911433735E15
1050.76881760457	2.39200756796787E15	1.55668706607347E15
1052.07762593986	630993941207416	1.36004789960422E15
1053.75492310786	2.06316525843422E15	1.52901361855428E15
1055.26749165437	501226309949710	1.35881516586176E15
1057.06575279051	-539646005959460	1.11132130131952E15
1058.37255782595	1.32907743596468E15	1.44125216683416E15
1060.17154535442	1.17498960538306E15	1.48484397841432E15
1061.64328959824	1.1859295138636E15	1.43796184460859E15
1063.35529993517	903008147204435	1.41117483868786E15
1064.86342190112	87609844778467.4	1.33186556763397E15
1066.57482329867	1.3990112159432E15	1.48360999353456E15
1068.00853149464	1.32818370430498E15	1.48298056426795E15
1069.71959747334	1.40984204238287E15	1.42589279142767E15
1071.59706612234	1.44497272090983E15	1.48882511399574E15
1072.81788693323	1.56437932980587E15	1.44170097790432E15
1074.28847382202	902482554712260	1.37395348690701E15
1075.99967219303	475616149560851	1.42923716300629E15
1077.9238907556	1.36450005181781E15	1.46766043846739E15
1079.31179506624	1.52721014367826E15	1.60357311711584E15
1080.8202788359	1.87256792107534E15	1.4811248031068E15
1082.37541720097	1.50405533229415E15	1.51196909807405E15
1084.44965122494	2.00118316069004E15	1.64371299158921E15
1085.83917605894	1.21021420581941E15	1.48123152238582E15
1087.51651294653	2.4971862294288E15	1.66680147628759E15
1089.24100301198	3.24337914974701E15	1.57462688874077E15
1090.91074098744	1.88272351088983E15	1.61029802937821E15
1092.30291039668	947570873827483	1.48581387267747E15
1094.11379777847	2.30926233896585E15	1.61541585307263E15
1095.83302695313	1.98835412397962E15	1.57134822973356E15
1096.97678064949	2.0357881143437E15	1.59425767057995E15
1098.98677091172	2.10789009596259E15	1.60184447514424E15
1100.46760093612	1.79928525900405E15	1.60238536169402E15
1102.15470725961	1.59890854495208E15	1.45989617481898E15
1103.63803392364	1.81113176305996E15	1.46462804766744E15
1105.28143311066	2.79086222068628E15	1.65907387231396E15
1107.05739497281	2.74595675685636E15	1.59323421718817E15
1108.37664059606	3.05285053090853E15	1.69156468056162E15
1110.27801505448	2.30542376889236E15	1.7716422507982E15
1111.56262472791	3.36943015688776E15	1.79691835740387E15
1113.26163824058	1.95340630073797E15	1.59142280408101E15
1114.75592689501	2.86116420602288E15	1.66026105765143E15
1116.65684311735	3.11113576113947E15	1.63905377459874E15
1118.24003063741	3.26303524141576E15	1.74714943137832E15
1120.03307785324	3.44258817964336E15	1.68383732337982E15
1121.48843723238	2.34288502472725E15	1.62280761298279E15
1123.16349963476	2.67139995575718E15	1.66153749748464E15
1124.70836010226	2.96921446217764E15	1.80118078114831E15
1126.37897450773	3.91346651553666E15	1.8174159522072E15
1128.22360709458	2.98129947755191E15	1.59586422752773E15
1129.69986597117	2.86269018361871E15	1.74403371751209E15
1131.29292679536	2.933537976303E15	1.76362724490877E15
1132.85997156866	3.94850839306882E15	1.89096702942126E15
1134.58294637162	3.84118673335649E15	1.89461691966481E15
1136.45320004115	4.30307473499399E15	1.8935211850871E15
1138.18309393168	3.33220511615542E15	1.81035233255676E15
1139.46350723331	3.32104684502148E15	1.86728835681089E15
1141.72094513725	5.17639012848336E15	1.92645701107276E15
1143.17123110033	4.65891561309039E15	1.85961150097097E15
1144.7016399469	4.42055191833025E15	1.94721826148029E15
1146.67218902233	5.09327945367297E15	2.00190822552347E15
1148.30668993378	3.05070786360993E15	1.87840904470521E15
1149.50554328815	5.48332433224655E15	2.0409419347686E15
1151.36109055053	4.14859080738824E15	1.99236808815557E15
1153.09374520057	4.90535562940057E15	2.02942210512664E15
1155.03670411377	6.50082327554653E15	2.08824555689247E15
1156.38404930358	6.70050453811781E15	2.10384668729369E15
1157.95085292481	6.64305731732296E15	2.18454179668507E15
1159.68910901835	5.9919710214324E15	2.17681371331172E15
1161.48111942143	7.03160936326247E15	2.23947582305664E15
1163.09876517434	4.9641312044357E15	2.02629372712829E15
1164.72010263856	7.74245317620975E15	2.28642404511872E15
1166.26532905243	7.08987418006622E15	2.16090377338671E15
1168.29424441472	7.39951497568708E15	2.20863407559281E15
1169.79724845889	8.2376314303809E15	2.30261040355119E15
1171.74598216962	8.06108423989585E15	2.28343246860129E15
1173.47834258225	6.8529144507548E15	2.19146918843582E15
1175.47799618299	8.82885040415984E15	2.31488223617474E15
1176.68262286043	5.83737801178579E15	2.15383850900616E15
1178.61038861303	9.58401337768778E15	2.44626068856228E15
1180.40097965495	8.62700107232931E15	2.41301609268636E15
1181.75722241562	1.00457920987127E16	2.4499446159328E15
1183.96560574693	9.10938533890634E15	2.4455526272458E15
1185.37000616427	9.42882100230456E15	2.36198010409732E15
1187.40483570098	9.76139831284668E15	2.58262584819247E15
1189.29090009142	9.85362861880925E15	2.52017921705515E15
1190.68558354654	1.42620516115734E16	2.82257583013883E15
1192.65325851789	1.32453701980918E16	2.70438089834717E15
1194.57453209139	1.30439776740425E16	2.68081567654186E15
1196.31342608577	1.27046113096561E16	2.72607539584248E15
1197.8789858558	1.51372278444833E16	2.77107843581737E15
1199.86701376172	1.31528326622905E16	2.84347625884255E15
1201.57695774058	1.4948867885537E16	2.8751803191121E15
1203.61740649202	1.63311648962274E16	2.97232116533785E15
1205.11456246023	1.47926398162537E16	2.89571421406898E15
1206.74168605361	1.60008298864408E16	2.96803718454971E15
1208.79650646393	1.69340328168973E16	3.07130639949192E15
1210.7186795223	1.96874482860982E16	3.13992395474328E15
1212.4538209516	1.95077382204166E16	3.19350784148102E15
1214.48125006549	2.0692753131983E16	3.13894298991126E15
1215.94634579473	2.05718740376895E16	3.1246928250647E15
1217.83240571156	2.18475583608875E16	3.22449235163666E15
1219.58300002133	2.09969201655126E16	3.26308095816521E15
1221.62815069755	2.19331085626656E16	3.33119378163448E15
1223.34333302944	2.33852308619266E16	3.36404487766045E15
1224.81303680775	2.38447876956232E16	3.50180758687241E15
1227.06539777058	2.26743661111098E16	3.4200136189241E15
1228.87768550713	2.48150911598775E16	3.45622221473481E15
1231.08517194457	2.54415297455593E16	3.43616518036072E15
1232.67579299205	2.92796114908191E16	3.65099547512596E15
1234.5527493239	2.83722896540175E16	3.64959706136002E15
1236.19224780937	2.72488728178822E16	3.66707408304262E15
1238.45858446057	3.09716786602173E16	3.79942584340159E15
1240.15836961453	2.96829955737015E16	3.75507374461091E15
1241.70658040252	2.97648924892884E16	3.7115714775976E15
1243.982666793	3.06409958584998E16	3.82148246605167E15
1245.77743874495	3.45874217013951E16	3.87538265076996E15
1247.82793044785	3.47871030301569E16	4.02379333666281E15
1249.52747898987	3.65156440003926E16	4.01547521354484E15
1251.42744986868	3.70817589144334E16	4.13573782551812E15
1253.62774487266	3.72927279436067E16	4.03303286477711E15
1255.37608503903	3.73535422248141E16	4.04992486837804E15
1257.28049981697	3.27077781075941E16	3.96236783293457E15
1259.04185128564	3.79571736586616E16	4.0801711077088E15
1261.09201587328	3.84047884270006E16	4.18912573421015E15
1262.95427128183	3.78261519046599E16	4.22803109872395E15
1264.51740362914	4.10035776754026E16	4.32507209362696E15
1266.42417609824	4.00606000920242E16	4.20482045120441E15
1268.18657176653	3.925428105723E16	4.10491161893667E15
1270.39161644668	4.03319061811966E16	4.18039531226304E15
1272.05291114814	4.28352409470494E16	4.29197973754443E15
1273.95671347833	3.99652542332642E16	4.10780437384276E15
1276.00267234638	4.45158909867587E16	4.27422901897626E15
1277.75933489739	4.34525593109462E16	4.28843186366165E15
1279.75670344844	4.31307580873143E16	4.28999545958015E15
1281.55295165992	4.36765607728413E16	4.31727725572625E15
1283.8301495648	4.41137808494146E16	4.1907568462E15
1285.52106746117	4.32845866010891E16	4.25252272748334E15
1287.21985116801	4.62997928233472E16	4.34217868723786E15
1289.19922391479	4.25423058255171E16	4.20193430811148E15
1290.92284806709	4.60174167395934E16	4.32257500304369E15
1292.94637974644	4.7955127333353E16	4.349187154057E15
1294.75763832782	4.98089777841808E16	4.30153551292364E15
1296.81136476912	4.76345255590009E16	4.3332634718381E15
1298.28723580472	4.8995979108536E16	4.33162073088749E15
1300.23022983481	4.53296380154497E16	4.22076633014888E15
1301.97283171962	4.46925870372543E16	4.27719401007532E15
1304.03733663829	5.17613021184205E16	4.38156656391984E15
1305.76340161003	4.95384685517195E16	4.18490943260646E15
1307.48114424851	4.96923379534572E16	4.1920685263441E15
1309.43045758203	5.31576538673749E16	4.2141988761341E15
1310.9935909078	5.3533296017182E16	4.18882190287638E15
1312.86856628457	5.49395451542194E16	4.15912759317349E15
1314.94574161044	5.16802495092428E16	3.93918345997035E15
1316.47712131722	5.08049433888037E16	3.9133801219671E15
1318.3117062251	5.37730222599036E16	3.96232039772856E15
1320.22104769067	5.48695215192792E16	3.94242840974896E15
1321.97382481349	5.33349974512371E16	3.94396851017721E15
1323.19912761157	5.13837496377518E16	3.72713153259242E15
1324.97275805101	5.33221145302671E16	3.72986181405818E15
1326.80500862871	5.67241212396568E16	3.7980228268182E15
1328.46355549524	5.72936381359275E16	3.79881351940451E15
1329.83935346239	5.68801518892383E16	3.74834863081539E15
1331.33235157846	5.69726207065192E16	3.78987537699595E15
1333.21369039337	5.36285720423463E16	3.68851126768329E15
1334.86658375783	5.83435207361857E16	3.84261285759417E15
1336.33438568873	5.71526096470396E16	3.72356709386734E15
1337.70237305548	5.5625910591504E16	3.67503848087457E15
1339.32931711307	5.89254217324429E16	3.690009268587E15
1340.54349737489	5.9810243056616E16	3.7784829535174E15
1342.11052337263	6.03307233197515E16	3.69540929341317E15
1343.5069677897	5.77414014944326E16	3.71068802566147E15
1345.08674272905	6.04290546502901E16	3.71367502291023E15
1346.41739791901	5.94589000358822E16	3.61114406728277E15
1347.79702065857	5.90902107005066E16	3.66014286284902E15
1349.00841586618	6.14900955878729E16	3.69021011842206E15
1350.2512823441	6.10067839864226E16	3.65421538792164E15
1351.59158093984	6.13393612307742E16	3.57812701841124E15
1352.68393084682	5.93156637099296E16	3.62476983228541E15
1353.82853806997	5.37425584474146E16	3.33272169009639E15
1354.42446800926	5.48366719317011E16	3.43240007179763E15
1354.42446800926	5.17405567071054E16	3.35521478690161E15
1354.59667873565	5.27235112751277E16	3.40849538718184E15
1354.74172510998	5.29463063949297E16	3.34625940299792E15
1354.80088447878	4.59166752235711E16	3.19152370362328E15
1354.59667873565	4.07755285397901E16	3.01965121040593E15
1354.07078256505	3.8276398971085E16	3.01874774718369E15
1352.64913922341	3.52898819668688E16	2.82267099926453E15
1350.77028196477	3.41298550741211E16	2.83870937395524E15
1348.63796761959	2.83259044901467E16	2.53352574913382E15
1345.93455636416	2.643337160713E16	2.5242869895373E15
1342.32832095716	2.34668056511386E16	2.40512680860066E15
1338.51937238848	2.42940502590488E16	2.43202724965478E15
1334.05679858582	1.88424986045637E16	2.23802860275437E15
1328.83490474399	1.66816653801173E16	2.15673503062833E15
1323.23851743584	1.44441427264899E16	2.01276290521156E15
1317.19853535835	1.33117086522091E16	1.97145445643505E15
1310.4422204579	1.26252051872507E16	2.01347906458132E15
1303.66567117834	9.94222841741322E15	1.77880062004594E15
1296.09884637134	9.65656009537593E15	1.79188876092309E15
1289.04630188549	8.98385270869817E15	1.73855571355015E15
1281.1123913305	8.81746156627943E15	1.7728653300857E15
1273.514094339	6.70094743622307E15	1.73563815462858E15
1265.34886336376	7.22166627686751E15	1.7599949919036E15
1257.96722727357	7.84511926347173E15	1.79252981472333E15
1250.25632648824	6.73609826341498E15	1.61301363238676E15
1242.71772060699	5.16209458060226E15	1.71141170035947E15
1235.27383398324	5.39803134754816E15	1.68653563616638E15
1228.06336106897	4.29731251501581E15	1.46217450477853E15
1221.10025070543	5.05407799893372E15	1.56170716007936E15
1214.57741507269	4.06158656121181E15	1.55403349215657E15
1207.95907088691	3.71798100452826E15	1.56553107574669E15
1201.90262285109	4.29813050816807E15	1.57482576891955E15
1195.44864545773	3.0449258259196E15	1.53140924022371E15
1189.40443527813	3.62382114062479E15	1.54145452978842E15
1183.69940305095	3.93220761492993E15	1.58662628941166E15
1177.75744205643	4.08559986164975E15	1.51977531159727E15
1172.63176126545	3.57696590399846E15	1.54440177488011E15
1166.52486163373	3.65713140944228E15	1.50444257180402E15
1161.6099996837	2.25293364392121E15	1.46825834379955E15
1156.90594548	3.48023702274136E15	1.6033695592345E15
1151.57623378895	1.82745138650637E15	1.33654936538181E15
1147.52793346386	1.94434955134264E15	1.36437740048845E15
1142.73587817934	3.27862547413304E15	1.47860960632119E15
1137.5964694911	2.00380036300296E15	1.43427273395E15
1133.28084553814	2.71326055773814E15	1.416864765094E15
1128.93764952339	1.89636948886865E15	1.37881667281654E15
1124.37645301322	2.14335537871706E15	1.49694647949164E15
1120.11808020729	2.36919733279612E15	1.41684958154899E15
1116.4496727086	1.96777582043518E15	1.39845614099767E15
1111.8065521705	1.7434467814646E15	1.40785721809194E15
1107.92740854461	2.01510059637727E15	1.36122366909691E15
1104.01139458114	1.54218368669276E15	1.36665837990918E15
1100.1042760496	1.6573505075766E15	1.56094866475242E15
1096.36298748676	1.51604314384993E15	1.2972471028643E15
1092.96211465968	1.96735977331778E15	1.29548652091717E15
1088.99061884669	1.38848460727753E15	1.31137316110801E15
1085.51491243146	1.17455026007273E15	1.42182588076622E15
1082.12545542231	950459798611064	1.40202987924312E15
1078.36799482613	2.20320747450665E15	1.33957324289931E15
1075.18567344818	1.49376742843642E15	1.40127657329456E15
1071.8837722187	1.18516252528731E15	1.40985899242181E15
1068.29525901611	1.23086517169895E15	1.32147798860305E15
1065.0299481956	1.85754226869913E15	1.39936444972341E15
1061.76360622322	1.50390253863317E15	1.50130329442702E15
1058.53646344126	723982706665056	1.30453676381222E15
1055.43057893805	1.10308754437699E15	1.29328983755718E15
1052.3641826799	842025846013949	1.24231523659379E15
1049.25346199101	1.19520856972702E15	1.35005798990481E15
1046.42775415029	1.30231180059538E15	1.35775386497923E15
1043.6392968962	1.23046861134092E15	1.4049604453492E15
1040.19151750773	486565706238513	1.30109889657728E15
1037.51930975529	1.71620018680896E15	1.46424900158073E15
1034.67971415866	1.34941814769351E15	1.37853401994277E15
1031.58962563847	238905043098828	1.21588606735744E15
1028.86654717032	830103669641147	1.35443973113362E15
1026.0975173497	2.03405395181606E15	1.40983825390244E15
1023.32537758193	1.04048626318404E15	168433704398153
1020.71451837661	628731360447333	150912575376846
1018.18268464327	484438463833626	128217875939173
1015.48119651014	828303408596624	172935938230440
1012.60821616539	201407882752479	--
1010.02263999278	909375311044137	187544361388750
1007.39127659081	509923720144553	139009965123033
1004.92266512828	756909609992972	167074234994412
1002.82851379886	1.11009233370605E15	207651832311181
999.554941885215	84331586402139.1	--
996.990103543429	317759975478832	--
995.053431661471	602971291163236	125598817681788
992.565333005611	391007527325377	123491700417678
989.862414743955	674726076566258	154971646986775
987.704731474675	911378576038914	103817657274540
985.290310800895	828486263881927	98983879896133
982.701720086221	11595195012437.6	--
980.576446200325	246277773023735	97939594903211.9
977.98095436141	626875377179194	150743446936712
976.062930194026	-71992701006352.5	--
973.672035219535	1.29925512059101E15	219625728895419
971.450139360266	0	0
969.30962540314	0	0
966.823024543949	0	0
964.591667826601	0	0
962.613713214598	0	0
960.462578497432	0	0
958.178688204186	0	0
956.064001593907	0	0
954.077050969064	0	0
951.784712582601	0	0
949.879378372943	0	0
947.972036727598	0	0
945.802870974031	0	0
943.847976636982	0	0
942.108057862928	0	0
940.279705516492	0	0
938.232267577124	0	0
936.35682938001	0	0
934.218301076525	0	0
932.295623393527	0	0
930.414862413809	0	0
928.007280335178	0	0
926.64952121786	0	0
924.32547096126	0	0
922.920785046744	0	0
920.944686657607	0	0
918.87930146503	0	0
916.987804910568	0	0
915.688792114559	0	0
914.081617509632	0	0
911.834998523495	0	0
910.070626622676	0	0
908.79141972985	0	0
906.76098293515	0	0
905.170937009196	0	0
903.358653088819	0	0
901.634619649118	0	0
899.952861244922	0	0
898.138850292439	0	0
896.544844098786	0	0
895.038569250215	0	0
893.354892321807	0	0
891.803221665592	0	0
890.295241711568	0	0
889.053295558374	0	0
