K 3rd I-TDS	Des D 50eV	err final
T Sample	D m-2 s-1	D m-2 s-1
3rd I-TDS	3rd I-TDS	3rd I-TDS
320.296830430081	0	428688617304059
320.501641074848	0	363759157106928
320.433373201706	0	367033367834604
320.776240391162	0	413980952459549
320.639721191514	0	395732549985712
320.501641074848	0	318135910344700
320.433373201706	0	308263925077746
320.091998747977	0	374959509815794
320.296830430081	-121498932366723	324554063555534
320.433373201706	573909905357470	334527253167234
320.160278308527	-172279501326647	393520765935342
320.569906602773	1.58748443174766E15	329082600625697
320.160278308527	8.02992734701267E15	372045048713696
320.981001517454	863219004935975	330452595337464
321.596707656462	672382795354832	418641673146590
322.348628908791	362744597944250	617085799607412
323.853136771756	2.6902253597343E15	593138438337801
325.628794436549	2.14484204146912E15	634916931942303
326.447155458318	3.07551982664443E15	553965050329671
327.810779611573	3.77367561974675E15	427432918145676
329.85578382106	3.07353665140518E15	417588860992990
331.216744073447	5.00973764511873E15	401736786308407
332.576605389291	5.32569385320008E15	386861599310171
334.140140428193	6.90523143338125E15	382101157656006
335.632946233698	5.76416812634994E15	385503405830355
337.531546781907	8.21728036746303E15	377136959972378
338.615859480605	8.64365826949004E15	351077480562794
340.782168657754	9.236342148304E15	470304114197832
342.100053567654	9.62484123442066E15	447681260925952
344.091480902513	1.30939588113419E16	487140566177103
345.441507265948	1.55899645819991E16	514316923039368
347.124550897887	1.66517902897208E16	487138565389397
348.739996221313	2.0928419699928E16	558198118377661
350.48751737541	1.93545460181848E16	566172630819997
352.232753950675	2.47387392084707E16	623107601989775
353.573199401092	2.83435602647189E16	597833169082361
355.381051730378	2.78965591329944E16	675115996318962
357.252979586712	2.80372370641498E16	695564232350554
358.989012472054	3.45989348704486E16	709317848337477
360.656137304802	3.3388764427427E16	729700248482901
362.45369008095	3.89743176263001E16	824398992726696
364.24852970358	4.11008407252602E16	876213342220691
365.908302696662	4.82111851892398E16	897040561240375
367.697818042015	5.34114420020258E16	984795808082834
369.682366929538	5.89188139052409E16	971093120968884
371.26837327067	6.19756602804905E16	1.06518474625553E15
373.049347439327	6.53232370489616E16	1.13042656999571E15
374.56484135405	6.73823201835233E16	1.13253116855507E15
377.324544981038	7.08341237191032E16	1.15210618720867E15
378.636300638538	7.57174892167564E16	1.25048131708246E15
380.471765181072	8.37794650893584E16	1.25615822033024E15
382.497953554338	8.71363603244744E16	1.32974978964419E15
383.934730040305	8.99857947188525E16	1.37073597139866E15
386.213652294241	9.97371247338852E16	1.46547654567028E15
387.384302170633	1.01364991566163E17	1.52819535415927E15
389.20383842198	1.0816067857577E17	1.60925815649372E15
391.601093550577	1.08722215333796E17	1.64948063078367E15
393.346763550879	1.14934300202803E17	1.69916301742322E15
395.540739315771	1.17535410630594E17	1.71789273140351E15
397.40738490482	1.21673073308086E17	1.77273186820984E15
399.206218312346	1.19835286646759E17	1.81880268967684E15
401.001493443647	1.28968310062504E17	1.90606939071993E15
403.177169384481	1.31791688233723E17	1.94475999414803E15
405.4111016112	1.30378051845595E17	1.99217648337164E15
407.575926361996	1.25524897327022E17	2.07464349005915E15
409.162908035741	1.34056036245698E17	2.11158830892407E15
411.635434694062	1.41255028102507E17	2.16794003513387E15
413.531265572571	1.36752376937803E17	2.19920871302924E15
415.612731528605	1.42136941742864E17	2.25064006498299E15
417.248785384718	1.46626755576155E17	2.2922589983237E15
419.00672425753	1.47669381668145E17	2.33725263549118E15
421.074376233908	1.39033729406997E17	2.3308361263729E15
423.385674833999	1.39706348730525E17	2.41743504755805E15
425.00610215418	1.45003530621883E17	2.4346813647989E15
427.678819262467	1.46740484409467E17	2.44039831082988E15
429.22726640303	1.48229701160753E17	2.42432154542985E15
431.329995940707	1.48613654479008E17	2.49819255396879E15
433.242685269922	1.49531955580278E17	2.5571104430319E15
435.087904778403	1.47191339887129E17	2.5304662961345E15
437.29679612743	1.41725241349211E17	2.57760329977785E15
438.827239313634	1.45523338977525E17	2.61316783152331E15
441.512807586879	1.4587046735676E17	2.62251693671292E15
443.398339602355	1.57189631529134E17	2.58497136687306E15
445.159476958034	1.50727255362023E17	2.6056120578082E15
447.15622407141	1.43544569150402E17	2.64907306219516E15
448.846733307466	1.38907218010689E17	2.673710514276E15
450.413223543749	1.39990603184793E17	2.67476998364823E15
452.996471090625	1.43624644979887E17	2.67603481796464E15
454.972802851218	1.32250893011028E17	2.6983510049453E15
457.003055289729	1.46144684492937E17	2.68481013897093E15
458.670204990983	1.46043724894633E17	2.65469947729821E15
460.629206216579	1.51341411649949E17	2.67873172853013E15
462.82125194303	1.41381814805289E17	2.69284431436021E15
464.592041020004	1.38463063740159E17	2.76379488106496E15
466.416898106538	1.39132526096457E17	2.72804113356941E15
468.765807812294	1.40476826432512E17	2.67162165791213E15
470.462829790466	1.33968772617294E17	2.65603268508254E15
472.680113744252	1.34905694112674E17	2.65187102390737E15
474.426512429491	1.22927206042E17	2.68193180521275E15
476.109197574902	1.30598346235797E17	2.60664424278183E15
478.307711176764	1.25299804088215E17	2.70584471013918E15
480.269134113544	1.33237003754457E17	2.69247874803671E15
481.535699850252	1.2539673328299E17	2.73309604142535E15
483.200271192434	1.22739798198259E17	2.66972687943062E15
485.661314009403	1.27815914490059E17	2.6478054402914E15
487.258502653032	1.26392589397904E17	2.65085434681555E15
488.738345603705	1.2323892696171E17	2.65392752468254E15
490.441037740049	1.1781670274739E17	2.60369511678099E15
492.59155705721	1.13151475385381E17	2.60931287881347E15
494.285307106108	1.21794735620981E17	2.53152323208552E15
496.141454925345	1.12134963340185E17	2.57859401076603E15
498.105218250871	1.1226253450418E17	2.54770259529815E15
500.007198325857	1.07039544503296E17	2.58602561468043E15
501.958998481014	1.13829402860894E17	2.52267605774481E15
503.460439720079	1.09189664693608E17	2.49912724438752E15
505.12408984089	1.03400410687975E17	2.52748818408587E15
506.562858542857	1.02691519646122E17	2.5215294836904E15
508.439444006993	1.03986416646038E17	2.48923884974754E15
510.255607591121	1.07049105147362E17	2.44981769796838E15
512.230412475242	1.10424091870563E17	2.40681154517384E15
513.652914027416	1.01740085746981E17	2.45656569722658E15
515.779968073548	1.02634418090767E17	2.38978533601434E15
517.52070509351	1.03300959565142E17	2.36234263106975E15
519.093275325463	9.51246757248756E16	2.33540232973159E15
520.715761265481	9.73135151667567E16	2.3788401119264E15
522.335234070855	9.79499415060415E16	2.33437465254586E15
524.272057774911	9.67832413526115E16	2.28374332054577E15
526.042581368069	9.45870630280505E16	2.27986032437591E15
527.64699867621	9.3423737286845E16	2.27278744941954E15
529.034624441853	9.05027379297216E16	2.28086417618471E15
530.950652401512	8.50636349067638E16	2.30467412796639E15
532.966456605234	9.20306857744702E16	2.23913554796764E15
534.184068208075	9.17382235157561E16	2.22432279909896E15
535.925356977767	8.88140048106214E16	2.23595408023241E15
537.610532558084	8.50359051535504E16	2.1552767257384E15
539.133046676784	8.78472643157707E16	2.17152438126362E15
540.861742760975	9.04639022559166E16	2.15707375841029E15
542.637683461482	8.08724758421259E16	2.15512286291083E15
544.355536370221	7.97608009408163E16	2.1269033184345E15
545.602891846047	8.21606484582895E16	2.10271227178906E15
546.951105401463	7.7057008041752E16	2.0748928112489E15
548.709888749389	7.75488728365153E16	2.02719681262748E15
550.463772093373	7.53062615364609E16	2.08484618037707E15
552.21279545976	7.12769144444753E16	2.07237345559615E15
553.649205406025	7.65869701518725E16	2.04129723977762E15
555.031366576071	6.53299957926833E16	2.0049520001728E15
556.766706980247	6.83941210449298E16	2.02466380102689E15
558.244793222077	6.61498976596742E16	2.02276810061632E15
559.617048460617	6.19046790248698E16	1.94775114947121E15
560.833608163564	5.92383583892326E16	1.92238281422525E15
562.453650262964	6.07109305277982E16	1.95270501771851E15
564.976588058544	5.91448813912535E16	1.89914018255591E15
566.082856254292	5.83825443171648E16	1.89015537569055E15
567.939905978953	5.40733534039404E16	1.8668257623229E15
569.642129206144	5.75163824257728E16	1.82542040160567E15
570.990570819653	4.82596567605245E16	1.8743296386728E15
571.937704681666	4.76865021702133E16	1.75908932493343E15
573.778378680107	4.29339224113744E16	1.78355470041226E15
575.317398873906	4.69041535411809E16	1.75385200613864E15
576.654426051189	4.70310649680432E16	1.70818962062644E15
578.038057306024	4.18241203675698E16	1.68378314999555E15
578.975304944198	3.92748582024281E16	1.69219536732348E15
580.747851436416	3.60269631721152E16	1.65618477533044E15
581.779351980779	3.495999487607E16	1.65930228869675E15
583.790013732763	3.40950914127148E16	1.60978836740206E15
584.915615679902	3.51916414000045E16	1.63563982147723E15
586.477361170579	3.09650420364468E16	1.53253621598378E15
587.890011735957	3.14045706662304E16	1.52343375020757E15
589.349399940652	2.88286417404444E16	1.45998546722242E15
591.095852447599	2.82765705228462E16	1.50914958347369E15
592.112292055789	2.87464056642545E16	1.51140277560308E15
593.32115613675	2.80113388731528E16	1.44249226714093E15
595.299445628938	2.64339570010481E16	1.40605858215713E15
596.406009044338	2.37561795582347E16	1.36260677071107E15
597.559915230343	2.41460610639039E16	1.34051834564767E15
599.095681168599	2.11308094015619E16	1.32496202128612E15
600.722643849958	2.05373899762976E16	1.33902799408792E15
602.012828502423	2.0790352498708E16	1.27547419431945E15
603.110639394954	1.84544893196002E16	1.27394538234093E15
604.396817090863	1.61993693695559E16	1.23647055288478E15
606.108415075575	1.85461548725021E16	1.22634927654945E15
607.295069342069	1.68786677309851E16	1.22987331150533E15
608.431641064122	1.73563163072583E16	1.21719118590336E15
609.851691123428	1.70801763922866E16	1.18863195153071E15
611.410434390934	1.40886692147376E16	1.14267324419212E15
612.636275486452	1.52956151467981E16	1.14650291668033E15
613.859226114986	1.25050865781525E16	1.08981138082006E15
615.316730272391	1.4340688044378E16	1.07406286615288E15
616.958718283691	1.49637689503766E16	1.07807147714901E15
618.316491461915	1.3841158618515E16	1.03324618915821E15
619.578920955134	1.417127722184E16	988042989990912
621.073236376232	1.25868513200183E16	1.03072575079803E15
622.704352585738	1.18326068155328E16	998052980776255
624.332497901715	1.32595684745463E16	1.00663953176101E15
626.421399323519	1.29549565041571E16	1.0012658407711E15
627.995737158316	1.22008228142369E16	939487621451278
629.384087351569	8.51646866018595E15	964600594846173
631.507792582723	9.10428126651137E15	905933559635320
633.350366630704	9.50575582031298E15	944715688791172
634.914491260901	1.01284476020247E16	956050740114179
636.659278770399	1.01388069056402E16	934781027133621
638.126935577521	6.61408884139002E15	940752082473319
640.277933208525	7.25613744245025E15	907006691067361
641.695039592404	7.59696833967477E15	886337823580137
643.292257887378	7.47988168389514E15	927062374001151
645.319620099539	6.66224884990691E15	919293724901063
646.661290564035	6.60182597106376E15	905220696389204
648.524276852066	5.59689592334357E15	820564014645071
650.292908293513	4.09013241773319E15	831469725098370
651.696730554157	3.54061994503275E15	840360239015923
653.597126550773	6.73708609601609E15	856093067606334
655.043346385202	3.38416216679003E15	855067408326724
656.667924570291	4.71373475544629E15	772964911671029
658.245603084432	4.84898667524313E15	790884408387053
659.866354040537	5.68888581934351E15	796143578860872
661.619729718366	4.16010418191208E15	789819548029907
663.191886223922	3.30153948484625E15	764224867653763
664.582430857606	3.16381462637658E15	766258292939628
666.465332574039	2.71353659583334E15	731344601987416
667.853964421059	4.25377967292983E15	676167668595653
669.329603850296	2.31775914491223E15	656805824238881
670.849514422057	3.57803411074873E15	745955582966403
672.234498307832	3.58234312393765E15	651836466285735
673.751872206979	2.9798152092515E15	695769691005771
675.44578935754	2.3479599358465E15	697110541411276
676.559746630185	1.40225258057526E15	706101605360685
678.251170438049	2.04783000850353E15	668471066820149
680.119562904245	2.54383125029629E15	627989382368784
681.719422109441	2.86091940369443E15	627020327574563
683.273821113294	2.45242163011946E15	610862351065725
684.472107607492	768359113973997	654641363953854
686.24576831255	1.88438144184868E15	591052935679756
687.885551189466	1.63073494228866E15	636186137732914
689.435937732161	1.47470732905626E15	614985301760349
690.631241574465	1.43453220765023E15	616301027439174
693.197747008989	1.53676569739589E15	575197158958869
694.125904176808	1.11517364450384E15	536786866756198
695.672874565284	1.34130763684909E15	554086453240687
697.395302259428	1.85918327636857E15	575851986980681
698.76460356011	1.76063613254619E15	588343721327770
700.706547275073	578369774477117	580676406836250
702.073611529951	829215931200980	515765040033715
703.70507796317	1.00450382688973E15	546260461418022
705.028184304879	-213959446364946	541299978873580
706.614601277485	548037515480821	530371793010716
708.244430643797	1.7341898189215E15	534096417251692
709.961589953403	937013105111192	539713630953929
711.414775086973	-464981957405005	514478518144250
713.087106754069	1.56079380765924E15	520836963520839
714.583466920829	810102007301280	546367197085773
716.123399793872	473203468122799	519258588255466
717.927261745197	894679017855318	488886522184617
719.861356663476	235172546644329	491349888086358
721.22497757614	-278761408726415	494832840978216
722.9831044604	-680309470576092	455161899896779
724.698165415901	-217126499872253	466855472812129
725.928797472871	251790158651795	528370977088228
727.598755228989	165339397244685	489023235927971
729.22477357227	-773258637153266	435603167438848
730.895557806626	-772388897738428	509474775509842
732.521471154207	466322100222323	487834813969267
734.147375744291	362746166885982	469652482899061
735.817135574591	49386186192835.5	487834813969267
737.399267141635	-172405190843168	447907287638235
738.89378505655	-756275599166884	431178782528532
740.563754204166	-1.23710560507886E15	394596678213872
742.146154794603	-988382925564672	439493915289578
743.905088871504	-1.36619813165673E15	449912119087386
745.179812436516	-207819431553055	446346251278481
747.114539764414	-564111528441688	380789527099528
748.477295788726	-638802966249790	413154098272052
750.105432784495	-1.56482469804407E15	458549647348681
751.68893697782	-617607022323923	434308149401805
753.492120025223	-878889255757127	437508687471081
755.2527493916	-506479937724620	428624847504124
756.704407954594	-278565224568707	385045697564593
758.377865540122	-976082925106401	360920836197281
759.698314498286	936483119421708	382952330994174
761.723838246237	-218533519118367	351565767861997
762.913052637744	-371323502457750	402294771604974
764.763663346484	-411504533605844	392307399329458
766.52584253123	-1.53659137931599E15	392175718190050
768.201534761746	-908018552626935	328769730830835
769.611762251408	346651744455288	392175718190050
771.464213513086	-579964143997311	370615942878274
773.229193085941	-495708936016596	403008928386991
774.684551778625	96827956244369.8	395057765633254
776.4944788617	-1.02967123615427E15	364656104710891
778.215861964919	-483507521119425	438051106248362
779.629367313786	13496254098997.9	389859285630538
780.998145429716	-620487135949657	388302293886005
782.721836196692	-792215137196513	382721377517354
784.445032332562	-841792245973771	330600135349248
786.346148269418	541568681620976	360858793886913
787.84984312863	-302358868486975	416591772442695
789.574559217577	-1.17810073322009E15	373256724362701
791.255647150987	-536908287767847	375632592221453
792.848915611137	-662548865859324	417325184898690
794.841111453382	-1.07025508532512E15	353452756396809
796.613076038999	-1.14634331891203E15	374448653721148
797.941643559801	177996228895023	409514592829739
799.492514101638	82915948742745.4	386507882353159
801.354284849525	-37502732182668.4	371767591591505
802.772343338555	347146694821453	360260528758319
804.546628652087	227253365332542	429194340885197
806.276157342418	52147670739735.5	377753850991458
807.518286683312	-535159971955583	318606624811852
809.382426042729	-316085558112080	366055544556659
811.0689494542	-214658183556982	363413868678693
812.88977367992	-633765561088657	335761974768317
814.311330521505	-815278184171772	295464198490951
816.443180909249	734100490133581	352276326709374
817.86542336815	-164336188757733	367583753836653
819.109596294293	-459400292356538	369899437309506
820.309626673706	-308771702236272	383793650874403
822.931960361838	-1.10148870228077E15	373519059492507
824.844282613526	-242783469446858	364700957306791
826.223578449693	-433619679028002	332094455459025
828.358443326758	-552007162864271	321682170172596
829.515307455245	-670393665086176	336871479166990
831.606443009731	152833097289873	312648183661902
833.475966151718	-555368479452813	313867711386473
834.722129499178	-15970462353993.9	404187804157482
836.858521346355	-796385132175729	353620720376627
837.838514994945	-28765164601216.1	292913415400506
840.01972960544	62194185014769.5	320410195924973
841.845836785042	-837973837828984	285236635235342
843.360129733378	-541906394968027	346264825770792
844.874504045714	0	338207763019605
847.056323944787	0	323047184930945
848.704108348784	0	303044961423719
849.862220653539	0	362033372595398
852.089605787035	0	307515284825510
853.648559920878	0	355738201249835
855.02877313506	0	302397455835696
857.077309607614	0	358215388675978
858.413990866427	0	349884849686147
860.373456230333	0	304478084434626
861.797765946843	0	330080983946645
863.489427419417	0	365288766362426
865.003287903241	0	330600135349248
866.961972376874	0	341418988741596
868.742775495413	0	379742635351534
870.389124244768	0	345555123070384
871.990818674091	0	294216241535612
873.859433662889	0	378359526198123
875.504832960039	0	335098635329911
877.01683372466	0	290954908489777
878.661524158197	0	284853980098158
880.750053763578	0	322864294168942
882.438093036635	0	297896751387982
884.570600134168	0	357731676388342
886.03508125177	0	286281150295427
887.588686764418	0	322864294168942
888.920533569194	0	392158622655291
890.738640590664	0	288779716003220
892.29069157065	0	302397455835696
893.886389697277	0	307515284825510
896.102058990551	0	316122438832320
897.563760055959	0	299443711373606
899.156332053643	0	289558761829058
901.148326027634	0	323560243133287
902.65110318201	0	305578542817758
904.507851379188	0	247249892865991
906.142281345238	0	356915730753828
907.6878050073	0	340055794515935
909.717624441753	0	293635767905617
911.085396541907	0	366055544556659
913.068913864581	0	293345292442316
915.007106826111	0	332685405527195
916.371302003545	0	310955216864098
918.219379002467	0	343297803773108
919.933626839924	0	296468503996873
921.296220050733	0	281829746095868
923.139699659274	0	358917636443474
924.369229733327	0	379742635351534
926.386219228418	0	362201595561329
928.182031527712	0	320704547988952
929.714491741963	0	283412748091985
931.595857866211	0	295806098660883
933.475587627124	0	341615313401579
935.178487020929	0	307102237566596
936.662435112022	0	292766718926239
938.232267577124	0	376330135938555
940.149396177028	0	299011971240964
941.847674244586	0	350544151135505
943.325673919601	0	410319356591283
944.977827530389	0	283487581716337
946.670841517936	0	345686330257256
948.275811723518	0	312187864109048
949.749730674869	0	370371694788605
951.568856750399	0	358601213886692
953.083219484495	0	286281150295427
954.941050543773	0	297591802698214
956.668742559706	0	304478084434626
958.178688204186	0	344534852935753
960.032020517121	0	319157588003328
961.624827343235	0	318159512438042
963.259000413562	0	300956223829524
964.677358135506	0	294216241535612
966.737446443255	0	353452756396809
967.938045623866	0	329193198668017
969.652338256589	0	334232365512819
971.450139360266	0	299249638318683
973.117094373659	0	322864294168942
974.867451334773	0	281599022522618
976.744411133583	0	354738171265909
978.23587008567	0	274377542895452
980.023939199715	0	358917636443474
981.767574108243	0	327214650754515
983.465953261355	0	288864255762677
984.95099109492	0	304478084434626
986.603631777758	0	316122438832320
988.382089055583	0	343297803773108
989.820248928019	0	352040691701197
991.551933496521	0	362201595561329
993.366778492729	0	322864294168942
995.095455104143	0	351077480562794
996.590367485794	0	363677325265872
998.167726622238	0	297896751387982
999.68064509788	0	268121556135383
1000.81437538477	-893029856080034	300956223829524
1003.37297403154	-981584522877899	342501157026394
1005.00618404246	325889124736055	287224669821312
1006.5125714713	-874382231136498	320228035390324
1007.80913325684	288907734285734	303036455239751
1009.81353643852	-768434128329701	321468397366042
1011.23226782877	-274995379785126	364656104710891
1012.64977925617	-280521664682642	300070252392056
1014.6483105548	-87753592358634.7	313298298138766
1016.18736751783	-138079479992301	323323904853152
1017.55927819262	-415610725061610	327426838515991
1019.55207712619	-175060870442622	247575919765259
1021.00406983234	-272926609534136	265171904082598
1022.37222607134	-112651474780943	358215388675978
1024.19451991931	70802171921200.5	270261944836101
1025.89127265721	-279955814424115	354355092096425
1027.46191984792	-1.03029475475595E15	279992765798882
1028.65966212445	-289760901940970	305742440988431
1030.8060999146	438704863217589	305742440988431
1032.41396882101	135486728330121	332027305546516
1033.98044781598	519743110122995	324247403322352
1035.42074681851	31852773503959.2	313298298138766
1037.10814492441	345629369398953	318606624811852
1038.50636596206	77893058297558.1	319586682635311
1040.35540540043	450319929942931	313144962684914
1041.95646827761	102312252303957	333165306783408
1043.39284700914	640305319419335	315427189618212
1045.36196172898	1.26156199261577E15	271320780025139
1046.96003914172	312925341734196	311664781913646
1048.35300827775	-130410676314036	357731676388342
1049.78618892396	536657857716017	331554615725308
1051.46363173922	495881619884918	366381151379323
1052.81391130374	562089309819887	343151743782343
1054.49088723891	83990553840550.9	355177803065241
1056.08471979508	170800369808820	330304931246651
1057.55572941786	-271042881795891	364656104710891
1059.71791784949	504969441476945	331554615725308
1060.74547374523	688184510670171	371865627356931
1062.62427317191	576699969416918	392587338340997
1064.41933812738	333389652542648	330527609794705
1065.80703652272	1.02488418079983E15	328769730830835
1067.43506342809	666297828619741	366343269864521
1069.10917544562	435055599401890	354809117785151
1070.78319194052	239533771479030	373519059492507
1072.25371685094	352023770609028	337444226774941
1073.76127273771	974299408559360	335654894138482
1075.43541811811	21658260036844.7	316097258845223
1076.77671900186	1.23500316144256E15	352396480588224
1078.53453976821	365148463983263	379003535470115
1080.41304733763	869639688758571	355088064947865
1081.88476228896	662584876258927	350804012341698
1083.63466746264	894829210025308	400691232171930
1085.02393304065	780829584246417	369951601399781
1086.82139358695	917752284259970	354809117785151
1088.25812215978	213937583960298	324058520913148
1090.17779979081	1.46401179143026E15	343576266884084
1091.73667882527	911970561648166	372530521559508
1093.53789186665	304564467901666	332795099697440
1095.0150785674	1.6457172339746E15	392170057495505
1096.65126336478	1.16911124443878E15	356915730753828
1098.21418820547	1.18776902293126E15	356114434053415
1099.81552733211	732548900001942	374448653721148
1101.45544616997	952254697750497	379153438494719
1103.14345421457	1.14675746735516E15	358457996557256
1104.62761735697	1.30702924878014E15	392307399329458
1106.11308728868	1.13694567318187E15	340843938082240
1107.63734966849	1.32063454406472E15	397000525611144
1109.24740924314	1.59618906745195E15	386578862875348
1110.94361584918	1.00209519031182E15	363412667210015
1112.43533359527	594240996049665	418670782291900
1114.25764093262	917809172584358	366342336741545
1115.91307358538	1.22202941202036E15	399725246454181
1117.28798610132	1.28721143054499E15	336189642496357
1119.07015372706	581907317130016	382856529816103
1120.74162366878	1.78467354399462E15	380638133099546
1122.61432804879	289525301556685	370948781991735
1123.91195719525	1.44045736040821E15	376713075997743
1125.37248812367	1.77716718408681E15	382104393343891
1127.34841304594	2.03431802042636E15	409225501433364
1128.72814367166	1.76759396742244E15	373270225004594
1130.53899424836	1.09878058256279E15	372683930201625
1132.14301098595	2.70160491843175E15	365489014896331
1133.99868692446	1.47970911844378E15	380099008599366
1135.85813190883	2.76353380574738E15	394596678213872
1137.46188998844	2.52195483282555E15	355936598290680
1139.03970103567	2.44397548724058E15	408942516137524
1140.56253096643	938013346080829	338069250571109
1142.18476050032	2.70318312035205E15	381121374709447
1144.02325612582	2.73486329653661E15	425616373420306
1145.94358875893	2.79981009088055E15	427283772564790
1147.4890158776	1.78851531327944E15	412679279029153
1149.03747838	2.79000165003548E15	385710847915800
1151.01894209161	3.88406601849444E15	428407780681685
1152.65286395611	2.31670664620618E15	359650659109412
1154.04496852253	3.2099682795744E15	447029873731325
1155.59698051337	2.81542630191862E15	415967157770479
1157.59581137384	2.69061948407435E15	431394355897831
1159.29368494817	3.78444527502438E15	374309228600471
1160.64891282978	3.67170989816474E15	461303065383711
1162.13567515566	1.70476621856175E15	439053689309402
1163.71503279482	3.97995685583401E15	461512122861417
1165.77647086131	3.56278152929355E15	406511968124019
1167.32402749031	4.01667600834931E15	458815714709821
1168.99524159582	4.17826663342712E15	494777759882978
1170.90152596288	2.25612255656028E15	440090766439977
1172.09814426802	4.4482881652604E15	462642621379898
1174.62894596215	4.36248716049709E15	449968161998683
1176.51040338607	4.0841755281828E15	439053689309402
1177.75744205643	5.41475967969926E15	486662992238685
1179.50509657729	4.08415866797743E15	465952123943589
1181.34904612633	4.85992906041313E15	386650211516674
1182.78895618319	5.3639431301706E15	473046696806791
1184.86737055461	4.42336671597629E15	468523017673859
1186.36611096689	5.32868302368808E15	445403441819019
1188.4039073412	5.92634868463595E15	493396082783614
1190.23070975037	6.03907726127487E15	429288923115713
1191.82408138947	6.43587217908557E15	514605960234155
1193.60803932918	6.14478007991632E15	507513148550392
1195.62568234323	6.18577468172275E15	484343859987465
1197.09577121069	5.94646886248943E15	523319731778986
1199.03973702183	4.81542645690836E15	463175319410963
1200.93656266106	5.57937739918121E15	501252420664450
1202.82789212299	6.21245687586871E15	519457790345994
1204.50267849607	6.03986492240124E15	480192095958232
1206.41386093812	7.14599067186019E15	484319415174932
1207.90609995538	6.86869800429979E15	550618933691583
1209.59239897132	7.23156851948617E15	552997542123054
1211.70819233467	7.98040453982554E15	551460682867802
1213.25349916502	7.7996910482808E15	566213148115870
1214.62015879739	7.97035752147155E15	552602535746970
1216.83525270552	8.50858916609585E15	531882448960450
1218.68039544335	7.30963665387613E15	493049327486285
1220.68031614666	6.97416415892677E15	528084783132313
1222.63096458799	7.67521504364294E15	540582873969792
1224.57512828803	8.0272137120457E15	550266992430848
1226.15513264432	9.04805469255687E15	571547827495361
1228.11762804099	8.83168210110714E15	556442678264429
1229.88839044175	1.08368410529972E16	585991827331803
1231.85838843574	8.91595116506494E15	604962716431167
1233.53747740347	1.0611718066254E16	558459805203903
1235.13176523426	1.04977217938033E16	610594309252193
1237.49458831411	9.59662499437958E15	628067260026565
1239.47817948849	1.18484631969122E16	610437397721862
1240.98166009146	9.27557726275747E15	563253290305849
1242.95962386408	1.09144218788204E16	599978210962808
1245.10552968068	1.24817710975597E16	592311274249113
1247.00081639301	1.2144389982539E16	615694711693844
1248.89824206374	1.31433066400358E16	624295979582320
1250.69818207145	1.37305809625461E16	648718879370412
1252.74295620394	1.18205629213975E16	597856947524011
1254.70096178461	1.23585593418411E16	684258362371162
1256.36137210861	1.30384083427261E16	672892785946781
1258.55436068452	1.36609259115135E16	629100881247103
1260.21645415142	1.46934090660687E16	711319409014896
1262.46650771853	1.40995604730939E16	629219574167056
1263.98526669027	1.57602647574529E16	677919048162504
1265.69252718213	1.46908581605092E16	702598999588265
1267.45505730367	1.70037903619432E16	718312665847361
1269.31692161778	1.41820813328939E16	722380593132978
1271.6542764327	1.62821460649089E16	721371974292825
1273.3702258337	1.47502618097503E16	706935796450623
1275.41674038181	1.64230921298275E16	728231950791047
1277.07455969256	1.72203130435879E16	721136260439202
1279.01766321172	1.846978749326E16	728286209475008
1281.06832656384	1.82644707313693E16	783350835887634
1283.00562302901	1.95840091133114E16	759679891344104
1284.51126042281	1.91054365556425E16	785751995970752
1286.63934725188	1.88283791122628E16	757656796794842
1288.13906789416	2.0440885760699E16	807507904474479
1290.44326887175	2.02689549450247E16	745673742376746
1291.93539615525	2.28415887947933E16	793375857350415
1293.66286223865	2.04723172058257E16	760835157602795
1295.76385027222	2.05143274190578E16	809173391177482
1297.52290843817	2.10389268482075E16	850505423603575
1299.60849726	2.31506706408769E16	837263476182471
1301.31083282695	2.24589206749054E16	832846450416185
1303.00642062705	2.28576855141774E16	865570740444729
1305.10781548081	2.48722781411412E16	859359190852243
1307.11303046059	2.46417482911218E16	844614294056975
1308.41536070623	2.49922541930811E16	910506866710324
1310.48386943803	2.58468065389391E16	877951692373882
1312.22773082959	2.71419122199977E16	934050463226388
1314.17646450315	2.66280930627233E16	897809608068449
1315.98813980613	2.74030864212423E16	893626930605084
1317.5533274396	2.67962120772472E16	893339424594951
1319.11774852305	2.84820580883601E16	958677161307943
1321.05955575102	2.78484845964494E16	934221337705554
1322.54796102064	2.94855945152316E16	918159736763931
1324.15188359256	2.94110745042233E16	984389656254116
1326.00292219243	3.23465868285399E16	965795822368562
1327.44949259185	2.97045365988119E16	968671436992967
1328.92046528514	3.32000844821745E16	994707640076922
1330.83654201356	3.4708838019897E16	1.01417069364174E15
1332.60515332115	3.15091657743202E16	1.00405510209593E15
1334.18456384012	3.45427778092038E16	1.01309717868368E15
1335.38213942164	3.29172386095266E16	1.01597976777907E15
1337.19821007628	3.37881567129244E16	1.03145383013186E15
1338.44061381292	3.56257728412267E16	1.02554369302178E15
1340.04608820877	3.56919738245052E16	1.06375670266748E15
1341.44504560641	3.73265753654182E16	1.05030457408294E15
1343.25124045501	3.74267955859933E16	1.10414396751213E15
1344.61820415916	3.74949664907332E16	1.06383335716686E15
1345.75950590011	3.39180501144837E16	1.11236785351596E15
1347.17745064168	3.79913483380389E16	1.13820776934365E15
1348.47080568055	4.27279269548997E16	1.0840329951875E15
1349.96378937428	4.33958304709083E16	1.13763083396241E15
1351.21880819982	4.16170283875982E16	1.099266734932E15
1352.49570022838	4.13271904773636E16	1.12512893569791E15
1353.56429125348	4.0212145942377E16	1.15266617838932E15
1354.3646573763	3.88824167992441E16	1.15922669731672E15
1354.45101767182	4.16422958833318E16	1.19423953446793E15
1354.71539888264	3.83144445328141E16	1.20413268259164E15
1354.62969789223	3.66082147596432E16	1.2002956755136E15
1354.94506017153	3.5562157244111E16	1.12900251325801E15
1354.91889253006	3.58995214989264E16	1.1885755087054E15
1354.80088447878	3.3468910626892E16	1.25392306724824E15
1354.09759880291	2.86168005370111E16	1.28316319571475E15
1353.22963468367	2.77723874452046E16	1.24325321730603E15
1352.00365220289	2.49647097186166E16	1.24655006579734E15
1350.31738535649	2.45351664255208E16	1.20639388482591E15
1347.69679340649	2.11003200671649E16	1.20579628779615E15
1344.58577163199	1.94040902721888E16	1.25769773796488E15
1340.84225949944	1.77785846057937E16	1.18185343051558E15
1336.64691859362	1.52201558091075E16	1.1661101501274E15
1332.3182753097	1.50127398163189E16	1.13441821955451E15
1326.46727360927	1.3354291825443E16	1.11827475264368E15
1321.31837489247	1.2543625860142E16	1.10623537516968E15
1314.45367410708	9.44083266947966E15	1.01513569871755E15
1308.13222967902	9.5993731069522E15	1.01371770049033E15
1300.64780805519	7.74943680660746E15	943494393856110
1293.80388797137	8.17089964948242E15	925372691826544
1286.05845447547	7.18233640876636E15	878894540718994
1278.58730017949	6.11268788098559E15	845538433696470
1270.87901250597	6.84115364614415E15	784023198485211
1263.2979315848	4.48119983612659E15	775120868146483
1255.77459077346	3.43466516557654E15	721658846960005
1248.11475539152	4.74189688235336E15	683065650427010
1240.48762340568	4.26457180696258E15	707926738985721
1233.35199290601	3.35947386322613E15	614421099578575
1226.82690970074	3.15289620574432E15	630402335428908
1219.48624607681	3.23014631192538E15	579005430410477
1212.82690262816	3.03414062232825E15	582748783816684
1206.78399658904	1.64796634908703E15	579984966929175
1200.61133466753	2.66876708965962E15	550183935820153
1194.25221885915	2.34497700869278E15	580824874873854
1188.81631964939	1.43984553167418E15	528194470115389
1182.656071213	1.62559580536233E15	464176603297518
1177.31108540008	3.14390569954385E15	542685341778637
1171.69568798149	1.15402543882904E15	530075622783041
1166.21542995551	1.57250274881696E15	494777728758587
1161.17388313433	1.44721542262663E15	490210714375674
1156.29546216152	-48174750648441.4	492100968806030
1151.66426443461	1.3913531901108E15	490560322522783
1147.23609835556	1.27714852010514E15	429573922219572
1142.35875803293	1.03482028137441E15	461385109560675
1137.72145472224	1.537606988823E15	461791599650372
1133.31911629485	-49645483628237.3	419656203504991
1128.93764952339	500650895324263	441040974159687
1124.45230832205	565836267177117	500125506362669
1120.48649654713	-480936980881849	388312166115610
1116.37434660363	-203657820198615	432290896177739
1112.05990702822	323286124014245	442974642635376
1108.292399467	-201105001144764	390356786808801
1104.54357381978	-149777008962568	435825286507691
1100.96145950483	142613720325930	428687378394506
1097.06049280098	-371444014457316	432334053211470
1093.24998739752	-649994224280526	454981073400704
1089.85313553425	55057804748380.4	385044261608221
1086.20979510027	-1.04024072624019E15	401391553243921
1082.65316624459	-75728979713746	413971632582710
1079.34880917996	179929090182289	350439560458087
1075.92567031082	-393797885105236	346793476259482
1072.73464828897	-128583458750205	410028803103815
1069.5531197949	-60889709028143.5	381383990026915
1066.45457057298	-693209012004249	378642239971638
1063.18874280425	-807447215292058	392163940269161
1059.80123983315	-966481667987803	376517021141863
1056.86104068012	0	359883804136185
1053.50926236719	0	390054934482738
1050.76881760457	0	322924039188578
1047.61574275602	0	398915250991248
1045.15656265043	0	412859285282213
1041.66984120432	0	368897984701778
1038.87628825976	0	380789527099528
1036.03839450391	0	387565659874797
1033.40331140046	0	367575733541028
1030.59941579218	0	359728906838833
1027.71014441507	0	342410365885731
1024.81562196877	0	377734703505881
1022.20689969913	0	303212989804887
1019.88414675172	0	337519250100526
1017.43494673684	0	358126953168462
1014.56528245288	0	342410365885731
1011.81642956109	0	392158622655291
1009.27125634295	0	347330976363046
1006.76381447807	0	356915730753828
1004.2942347503	0	382721377517354
1001.82176628658	0	348480213286075
998.924368892251	0	349584229731804
996.695320068936	0	342410365885731
994.294903791031	0	363671202501077
992.059194737397	0	321682170172596
989.862414743955	0	298553783107684
987.281472111075	0	343576266884084
984.781784067432	0	335098635329911
982.659358621405	0	351230579589871
980.534026778738	0	355993056285455
978.278352003799	0	330527609794705
975.849242045864	0	347798571290636
973.800815719437	0	322864294168942
971.406503764549	0	391475368815523
969.437787189832	0	318159512438042
967.166264223453	0	310310194663778
964.97723907514	0	337792843034764
962.87205313632	0	375632592221453
961.064784383696	0	402294771604974
958.566716787407	0	304399548673587
		357827755882641
		318439509878516
		356915730753828
		380244019442247
		314416936932537
		340467514926117
		382068604205971
		362569080202702
		338188219946644
		370443548277696
		347944217900655
