K 4th I-TDS	Des D 50eV	err final
T sample	D m-2 s-1	D m-2 s-1
4th I-TDS	4th I-TDS	4th I-TDS
324.125710507576	0	450969416658459
324.057570787787	0	434769099253686
324.261982503763	0	402007749005983
323.989428590215	0	365295583409424
324.125710507576	0	372621300115759
324.331663206957	0	382101157656006
323.784987155896	0	435571298891154
323.989428590215	0	376846490832741
323.648680523481	-337493354235557	410955587537202
324.057570787787	-252605700284715	409061248890867
324.057570787787	4.82322001030378E15	330452595337464
323.921283917367	8.36337478618006E15	391627831635626
324.19384774707	6.74756755067146E15	393442932356815
326.447155458318	1.38166546875869E15	557930782184980
327.538756468258	1.46607785984915E15	632954264455438
328.765619455811	62839676031311.2	600598888386074
329.787861677152	1.77024191597465E15	594018981985275
331.148876249645	3.1060165387817E15	473698805176246
332.917167196748	3.17258168421553E15	492090828690613
334.207885362194	3.49484412092719E15	415738326152533
335.83752108693	3.63356013684324E15	431838496599179
337.803464606812	3.47246509640093E15	434769099253686
339.225256185471	6.17580171462954E15	449108431123221
340.44331354675	5.75149435524004E15	491291634824782
342.201144836052	6.39079522217663E15	465694001015229
343.687600757768	8.37658294134202E15	471121650130755
345.238244610883	1.06378733852215E16	407692567963004
346.990226451177	1.12565419140973E16	482841628206611
348.000392009316	1.25041962177845E16	534662461029713
350.217995764878	1.36995129100837E16	537359940594425
352.29965688808	1.56931533922488E16	554075976264055
353.237457821772	1.762809804014E16	567080653501470
354.778717815305	2.09611515557763E16	572525137412414
356.584861898328	2.25857036243379E16	660215212809545
358.321828696852	1.72975344108127E16	651968200121844
360.189330826419	2.4906745282563E16	672525793440709
361.987581695868	2.79066948038477E16	738698692922129
363.783128637455	3.04816182781058E16	793929116128568
365.77596917997	3.75277272790926E16	819201708100719
367.233804710416	3.58647700908167E16	857046317000707
369.153196119444	3.56368858576165E16	882515354531966
370.937580907933	4.39939176370775E16	934061560175994
372.852102767523	4.31720355998001E16	977713556912523
374.300716189586	4.55788499981776E16	1.04596446150202E15
376.471471790329	4.55994342159347E16	1.08933542869748E15
378.046065283428	5.4369265515888E16	995287142670454
380.40499721177	5.45273730897104E16	1.13940660985602E15
381.517229500019	6.01302576424593E16	1.18693637994367E15
383.738052799468	6.20768471038107E16	1.25293920030257E15
385.432938268097	6.14310619943406E16	1.3504901376212E15
387.060080446114	6.80987482263815E16	1.33367200306586E15
389.139123774534	6.62172537503624E16	1.35136586727867E15
390.500157786275	6.97424403396577E16	1.46666984574095E15
392.570330709412	7.65490053365803E16	1.47374378669508E15
394.573099681454	7.517688060493E16	1.49933102839546E15
396.120547669361	8.14100085100324E16	1.509601348652E15
399.014123739572	8.49887469483061E16	1.61510487567821E15
400.424778362837	8.13010962554712E16	1.64187202990214E15
402.601857113098	8.1632781992854E16	1.71490281254662E15
404.326673812455	9.06262976994676E16	1.74551485962357E15
405.984582516279	8.86035754118841E16	1.74218019806166E15
408.591528618785	8.21909004715196E16	1.82334886443818E15
410.305961097799	8.9312777889444E16	1.82011729118197E15
412.710693154609	9.36523659938577E16	1.86777568149369E15
414.792774931533	1.02747113229102E17	1.93625087496506E15
416.682881191505	9.74737842306736E16	1.94253025565042E15
418.002243644029	1.02176119201804E17	2.00685301978847E15
420.197404884295	8.87701403665594E16	2.06946386878587E15
422.199700773369	1.02099512801191E17	2.04014004827266E15
424.257754200894	1.08096775329864E17	2.07352454519522E15
425.62824510969	9.3357902320726E16	2.1600046844056E15
428.175163326479	1.02814172658083E17	2.14930005452451E15
429.909177547857	1.00399568637549E17	2.11771710735136E15
432.133124294523	1.02062325167554E17	2.17695787933494E15
433.919646727797	1.01331962433972E17	2.21815652831792E15
436.009527326941	9.95825362814347E16	2.2970363871143E15
438.031189504781	1.03062954938485E17	2.27904240262904E15
439.866093382438	1.09480613072722E17	2.31781506817693E15
441.634333610046	9.87563761873945E16	2.2301080653065E15
443.823878583676	1.00175531398239E17	2.33555754591028E15
445.643043668207	1.05823694647344E17	2.38348495024179E15
447.760335724413	1.07084188936317E17	2.28968653166174E15
449.389315783204	9.54604404474489E16	2.36150434627496E15
451.736661454233	1.00232419227877E17	2.3438777565362E15
452.996471090625	9.91799902706814E16	2.35854727054229E15
455.151701503815	8.74215253983662E16	2.36131264973563E15
456.823277687118	9.87427913491983E16	2.36042674728562E15
458.907465220983	9.54012162477199E16	2.38616519135011E15
460.748854964401	1.00441273821326E17	2.43153618407882E15
462.407004692996	9.63143414888592E16	2.36342093606331E15
464.827264711861	8.61623103229141E16	2.37584025250857E15
466.18222442991	8.99636920832553E16	2.42680220742367E15
468.472142593577	8.840235302992E16	2.42519222841877E15
470.462829790466	8.7829460818522E16	2.34969426795595E15
472.155563210455	8.06726361904909E16	2.38372766009267E15
473.961342794512	8.45488963081156E16	2.37213515685379E15
475.587352240108	8.2962995530875E16	2.29584230250273E15
477.729935568693	8.71692370593181E16	2.37787216481739E15
479.635582936776	7.46284688645274E16	2.34045212188441E15
481.24764493264	8.59169783241494E16	2.38748383899182E15
483.200271192434	7.7863587207036E16	2.35844146882586E15
484.974667780255	7.83131364175764E16	2.27854605809847E15
486.402849444109	8.04937524981654E16	2.30434250763086E15
488.169776502992	7.69188560165321E16	2.29350589047156E15
490.100346450635	7.76795572259172E16	2.27842942672839E15
491.630106896396	7.21134754719673E16	2.22523661974521E15
493.213804163059	7.28179549346591E16	2.24295222840737E15
495.748990801325	7.1977118494432E16	2.23129295664483E15
497.15207809379	7.60278496642681E16	2.25581142083181E15
498.833719205123	8.10554112006735E16	2.1604856657543E15
500.789149922955	6.85745210674547E16	2.24569878986613E15
502.626328190769	7.79006185893218E16	2.1761883699384E15
503.960123852209	7.46103967909163E16	2.16945727798002E15
506.065245395372	7.12342304333204E16	2.17871739206133E15
507.556899315015	6.68849540206603E16	2.14504811997831E15
509.430506948944	6.95625542136109E16	2.14501263096558E15
510.69513243955	7.38111848722342E16	2.0927495629802E15
512.61395218751	7.43282755881642E16	2.08621360561054E15
514.362328442897	7.08720402758368E16	2.07374494835794E15
515.998444252972	7.10483324610714E16	2.09939626651354E15
517.629031573158	6.33039178334358E16	2.12837157819871E15
519.688557122947	7.36379117972447E16	2.0160525764194E15
521.364547581067	6.56097437592476E16	2.07830065474034E15
523.088484970274	6.5835779953349E16	2.05527897515719E15
524.701777331185	6.50322584633278E16	2.0135244640923E15
526.309666066566	6.9036437702754E16	1.97001366400262E15
528.021128788534	6.65085258176052E16	1.98216443546187E15
529.354776630352	6.72948049102929E16	2.01621476245067E15
530.897643159031	6.98388895904599E16	2.00791218531873E15
532.913619376761	6.33105332015234E16	1.96606341931291E15
534.342242330793	6.44050453073388E16	1.96682824429027E15
536.03171055526	6.3329565753186E16	1.88298806725968E15
537.4531882645	6.20853676359755E16	1.96555740164046E15
539.028411189564	7.05815921711146E16	1.8840716640854E15
540.861742760975	6.63317358604241E16	1.87127607773906E15
542.42838512181	6.34897414877641E16	1.86005258867919E15
543.783442819247	6.43621709548293E16	1.90031335761931E15
545.135571730776	6.11518061964444E16	1.85946875020913E15
547.262181911633	6.2158641315255E16	1.86889684314431E15
548.967430653145	5.88874964242856E16	1.88878717194804E15
550.359844369985	6.44728284363131E16	1.80833123831122E15
551.750357921943	6.08527616772481E16	1.81480765445569E15
553.187815579395	6.33891110791258E16	1.79358965643677E15
554.980357797381	5.91536578670148E16	1.78877905744124E15
556.052999530256	5.97505281614088E16	1.8619802760834E15
557.735932027666	6.11763950904923E16	1.80636732670498E15
559.058591897334	5.52735433873644E16	1.77480706014174E15
560.580826727456	5.43147439417515E16	1.78070706512658E15
561.745095439955	5.09195660403448E16	1.75066336476927E15
564.270788026552	5.31265089998404E16	1.75222198346234E15
565.580136182223	5.59714167507011E16	1.70312433178336E15
566.886859286501	5.08258934853608E16	1.75916817150152E15
568.841498183414	5.07169637814845E16	1.72197637803319E15
570.241398912073	5.11228486496955E16	1.74925754084247E15
571.689184667224	5.44862162670273E16	1.69305896617616E15
573.033473129164	4.97699014023185E16	1.69644872243007E15
574.076783932041	5.03945449793838E16	1.70629385825895E15
575.911586692199	4.97839219197293E16	1.63790674652258E15
576.901110139402	4.69450062566E16	1.62736960347172E15
578.77856770554	4.2264721615393E16	1.58325811740878E15
579.911264450493	4.07852048769778E16	1.60087846818261E15
581.14125190592	4.15559688349343E16	1.63512371095001E15
582.957115141326	4.25872152760197E16	1.57755082730696E15
584.377993475639	4.51789829690786E16	1.56872715138943E15
585.452824098847	4.0997160989955E16	1.56863222605423E15
587.111692028188	3.97073380207088E16	1.60143678359217E15
588.668578400451	3.96390916093785E16	1.55098739432681E15
589.786413111277	4.53335415232222E16	1.55202357190612E15
591.531801844004	4.00510556682378E16	1.53856086952592E15
592.886284907718	4.29846108847932E16	1.50783183822007E15
594.334481786144	4.1450769000508E16	1.44336392066682E15
596.118069527287	4.21181337111425E16	1.42864811749087E15
597.559915230343	4.18360100736983E16	1.42890299835443E15
599.478045312096	4.22919129741536E16	1.42713096684555E15
600.771431193832	4.14290869279902E16	1.46546151931896E15
602.633852476023	4.05761191947572E16	1.41661359405353E15
604.349338876132	4.2141969088587E16	1.39644563409685E15
606.013663818055	3.94449370353611E16	1.3952882745836E15
607.389666693034	3.9743004392488E16	1.46368475180992E15
609.141980503687	4.02752473829846E16	1.39735976032885E15
610.796287644414	3.82302893579159E16	1.43371115123616E15
612.353223087289	4.02546437748357E16	1.4017661786431E15
614.235565678218	3.76669224130184E16	1.41235993210299E15
615.598775307577	3.56146637868609E16	1.41242932725488E15
617.520560572177	3.38578413428056E16	1.41605676309644E15
619.065055624098	3.18264201393975E16	1.39397486199231E15
620.932591449889	3.16399796861639E16	1.38537954680361E15
622.610412199819	3.16195283705667E16	1.40790920721059E15
624.14600074487	3.15003213831772E16	1.36213623759815E15
625.817842979372	2.94116259282201E16	1.36454183548474E15
627.718661361497	2.39790263021747E16	1.37994747249895E15
629.060251107043	2.31077696934963E16	1.34941411806919E15
630.908521176312	2.28188031285912E16	1.37330445315299E15
632.475470253218	1.94555117397245E16	1.3428347281462E15
633.94919401966	2.11521604130314E16	1.30887480501279E15
635.879906945087	1.92098959319965E16	1.28368595292878E15
637.256154755471	1.56837124171705E16	1.2571460099655E15
638.996992183312	1.50813578048585E16	1.25409232425228E15
640.461391679672	1.89776714372584E16	1.25312127333555E15
642.151476455024	1.38911670547861E16	1.25691037149821E15
643.929881515462	1.15452394337978E16	1.22616113099617E15
645.342320870422	1.23557837144171E16	1.13847356928675E15
646.93438403086	1.02701300036513E16	1.12274249707488E15
648.478998600299	6.60304842157514E15	1.1187941075543E15
649.839686161937	1.0409478069968E16	1.05714440640748E15
651.470912180247	8.34143439431258E15	1.08643018233918E15
653.190212235018	6.60815964546839E15	1.05235612874581E15
654.772047055218	5.23886471438315E15	986661686893212
656.171964118969	6.45245644648096E15	974102574608437
658.064835038918	5.05179141269388E15	1.04859693165142E15
659.461342838532	4.2462833721069E15	949771960520880
661.215216400738	5.65303526184186E15	895982836074113
662.473220008768	6.26915011709851E15	912479809693086
664.0892239467	3.48716675389315E15	866632205000604
665.390539631028	4.21710897374549E15	774544598833682
667.360772596229	5.11390619052607E15	857333320165488
668.479878707202	3.47269893772188E15	809621620570821
670.179908875601	2.46254398389359E15	762993214793391
671.966294217343	2.97128209896506E15	726324667242630
673.528392955508	2.68531199556991E15	755019105927825
675.08914412913	3.20784562175226E15	716793756728517
676.11444378004	2.97756598667731E15	682734751324479
677.93943585114	3.40171708657395E15	724302951735394
679.318167988206	2.10529445043322E15	737586303067165
681.185597541696	2.40633151686809E15	650267889856329
682.918539736479	1.23532253378657E15	668455951225853
684.117013363449	3.26150680602562E15	697573035208093
685.890940726148	1.36454617523638E15	648494143083729
687.619360790052	1.3725358541915E15	607970118146094
688.90485390965	1.56500146108577E15	623725851445544
690.764689454314	204911485359592	608841429425509
693.175692241681	2.3493039728015E15	624557367534068
693.993614199374	1.46540126195676E15	623892303468897
695.849164830831	987359760455990	633867965629328
697.307199811053	-91726521984540.5	585855499518287
698.455356849363	516770222903926	582238684827444
700.353451661554	395755651733552	535109924226298
701.76463879903	872484558432876	617736951873906
703.397227735501	213934667377759	548351750506236
705.16007352437	-132907425030031	546228451612043
706.305951387862	576959785594603	547802054488512
708.376232183548	1.06963695787596E15	491900724314178
709.654138352911	-640442674061100	574314871665568
711.370865374738	534884918673364	535605728579810
712.778815797385	-709919313166461	523800684712030
714.760016609318	1.07973400246144E15	479351055527213
716.298916896607	-320326196152647	488540064553847
717.794652225008	777142503252886	487458667067251
719.466592502955	757808982797326	509855986848700
721.22497757614	-184436342565497	464364938021234
722.763849599122	-321679093854794	445138493586483
724.698165415901	-858370632255079	485653835803331
725.708584872651	-779234022890196	498554290446022
727.335714579406	-841807831931848	431178782528532
729.049422382612	712533716837003	472305136504250
730.675379837111	-710664322815735	429264771134220
732.609142455079	-1.17430820887361E15	496580194255688
734.059704186004	-781828056064082	441241174631563
735.377774003366	-445757159611773	492025068680560
737.047566678239	408739000802476	490580263614948
738.718424558242	620170805241592	423926194642749
740.344539276266	-597544761200252	432317695248513
741.970769188954	128865598239830	411546982332352
743.861237855998	-377285866659727	410583296977047
745.092103202127	-896473381805366	403991362370428
747.114539764414	-27053073643019.5	480911516567993
748.477295788726	-119944134991936	397692414987915
749.88507709473	-230901112769985	385916989968295
751.293038417305	-313236845768672	402458197059673
753.228802485688	-587526545064614	417680455995513
755.032277957119	-131585044002911	459019385254774
756.353193967301	-557300552432986	457478953421755
757.717223431644	-54358113230317.8	397494694921985
759.830072094549	-675264543598396	431241102047549
761.416331102858	-76022990061437.8	407891712617405
762.956990370324	22731512308228.5	388660538812590
764.71971448381	-884105510754872	425374023283491
765.953384558184	-253294367098968	403811756931423
767.892744196976	-302531052672387	403975445315257
769.523801542775	-130461876308997	387064980848587
771.155267803955	504094455021959	378364921023297
773.096177323687	150086255920462	407891712617405
774.331433269215	-364271592017444	390518610824143
776.053203285396	-74929283770693.8	407891712617405
777.951617643432	-1.22887089955258E15	356229571528462
779.187861130096	157114739578964	406002732999738
780.954083257655	-633906760505144	414835016447902
782.721836196692	440409565836145	360662279042849
784.069292149057	472542914672519	392307399329458
786.036435466694	-604894688181435	389513516300639
787.540050147265	538960231525973	404164629937908
789.176425214309	118954651132697	432541114806273
790.857398054005	-946680153730020	416880541897748
792.672310277617	-527005605624309	378364921023297
794.221802337716	-454461172024908	398567449208943
795.860051708756	489759199383776	349650310365525
797.809074781072	1.07121644376687E15	416084700926559
799.625120009778	-121339921512233	370615942878274
800.777507095183	-412515226890220	425830964475305
802.462774776741	852177998276238	426313845081916
804.103261538355	-113418286877681	363412667210015
805.611439911733	-235572959946387	420184979339733
807.296999267048	868106822479546	399963942471328
808.850192360205	503083969601980	338446962051443
810.936105440522	867758712104406	355177803065241
812.357266682977	442426879141440	365295583409424
814.177418295019	682727999426372	408875178280519
815.910412446859	421137770146227	425064160603259
817.731447339595	588810413989526	349884849686147
819.419914465249	283436785061383	343151743782343
821.109744958862	180358226680798	401931716144061
823.110372697422	126380725234720	347714288129392
824.755562919268	-404468809334080	327352038823178
826.267945077619	-447874342895477	395870061458630
827.780563317114	-407782938352571	374800958567986
829.737213658642	1.2125351806441E15	385916989968295
831.473276890369	613533177612816	372596916874218
832.986614417443	-81630255648839	390780894275803
834.722129499178	-149465136765575	375081914664492
836.191433602834	42636854633063.8	376992492826791
838.194798909064	354254603159167	360260528758319
839.84207372961	901139406978934	347330976363046
841.533903957654	-373028555409902	356788218478709
842.825069462299	164061314441951	314044080464802
844.60695935701	-413554390996144	327395528910340
846.477792857261	98330989541054.3	318159512438042
848.347690991873	55162141331122.1	400133877012434
850.085362767165	-356410213619132	383180696911423
851.554468445926	0	336688026233558
853.069003345182	0	333909020277247
855.207481435176	0	349650310365525
856.81077403471	0	366691480212324
858.279719837144	0	393481709525890
860.017110593699	0	299859774443524
861.97642790576	0	349057180444236
863.400609479501	0	327395528910340
865.047692044948	0	339494211282484
866.516981138949	0	344534852935753
868.386637623002	0	310310194663778
870.255973713855	0	338512874177329
871.902067091341	0	370371694788605
873.769693162052	0	288864255762677
875.060246385464	0	371794012824076
877.105527964962	0	339874132248712
878.883204324728	0	352146765060969
880.394457972284	0	348209078359352
881.993971726778	0	390518610824143
883.948451709424	0	322234157244450
885.414110483937	0	339659999581935
887.323078543078	0	342983197579120
889.009041976867	0	392466323503108
890.427964296347	0	307515284825510
892.113801603724	0	371254024559374
894.06421012522	0	341615313401579
895.614033881487	0	301584821111956
897.696249348626	0	311690261229889
899.023894688899	0	367575733541028
901.059081291669	0	381567483295305
902.784406497939	0	330542574667915
904.596003478064	0	363412667210015
905.96605937377	0	320704547988952
907.775868686029	0	328769730830835
909.982630023837	0	374975548688686
910.997430475485	0	363412667210015
913.112865258607	0	353395278951065
914.698645231009	0	363677325265872
916.195702110558	0	363413868678693
917.867417724633	0	327797301865117
919.581901638708	0	354355092096425
921.515280706112	0	310310194663778
922.833213635424	0	386347524197505
924.588011441708	0	337775446280698
926.561094855969	0	323039101743428
927.963590421353	0	370488021488235
929.758147411485	0	346264825770792
931.46499831665	0	298441107523637
933.03875019228	0	309339298733902
935.047848543185	0	314044080464802
936.488374010498	0	329193198668017
938.407167056728	0	344534852935753
940.279705516492	0	374369760711297
941.629674717492	0	358696831755807
943.152198432848	0	297896751387982
944.846850614145	0	292501868475401
946.540966885872	0	335304917080148
947.928776654793	0	288162865026158
950.096419260234	0	322864294168942
951.351993499124	0	293345292442316
953.298891295287	0	354738171265909
954.811771654973	0	290954908489777
956.323342011358	0	296044949243279
958.048674008175	0	341755846979443
959.600376004496	0	310766468931171
961.667749736768	0	299443711373606
962.957832606281	0	335727600539030
964.591667826601	0	324247628756830
966.265713800278	0	379999438570701
967.852526222634	0	332027305546516
969.523222715138	0	325738921049972
971.321168489485	0	302397455835696
973.202333503344	0	394620376979972
974.996134563542	0	381271412818324
976.403224264243	0	377753850991458
978.364277812814	0	359412594564192
979.85322989463	0	336688026233558
981.46987763937	0	374975548688686
983.210929899579	0	352146765060969
984.611596980514	0	357731676388342
986.392345982241	0	340742468278382
987.874578481341	0	341210353742041
989.862414743955	0	307898066727729
991.551933496521	0	271753237129242
992.987147823583	0	330542574667915
994.758280408591	0	307069297089564
996.316503302224	0	302397455835696
998.083844447164	0	424190084783186
999.42827616763	0	374746123160211
1000.9827944067	0	409514592829739
1003.03757826664	0	333909020277247
1004.83914183985	0	366691480212324
1006.13610743199	0	359412594564192
1007.80913325684	0	316097855108386
1009.27125634295	0	359133747218482
1011.10746861054	0	384626167622428
1012.56665203602	0	273228966833785
1014.31522995109	0	358215388675978
1016.062936715	0	338446962051443
1017.47639154959	0	332401155765199
1019.09573196775	0	290271008296362
1020.7558857486	0	330360533224422
1022.41355530787	0	311664781913646
1023.94583313537	0	279923336356518
1025.41494885722	0	346703733928523
1027.17244033093	0	395057765633254
1028.65966212445	0	337792843034764
1030.35248942722	0	344475107842622
1032.0840839995	0	323363088348445
1033.93842858421	-379002251696123	316097258845223
1035.17438596109	46473782490333.4	349584229731804
1036.90300100009	-105561817642966	356459702140719
1038.46536344253	-341873153590889	369804676164237
1040.02668735535	-1.20425506843422E15	392307399329458
1041.75173794631	-413422361784499	334435111528588
1043.22915447298	-341238009005298	346359700879524
1045.11566692199	-966081304401122	400133877012434
1046.87829829962	-649310481948530	339494211282484
1047.94354130422	-658416460460809	324488416937117
1049.62192525496	96160998542088.2	385442499444962
1051.3411912217	204839433204833	356915730753828
1052.89550574492	133078552937327	389278126852011
1054.40932605046	-255241606072776	373256724362701
1055.9624232266	-800048759111724	365093585385864
1057.26952983756	3387138274050.46	295899165765418
1059.15314769971	-148648333495348	355695948143934
1060.94911298691	487428723077968	365093585385864
1062.17081630519	-172654336902894	316097855108386
1064.04925240671	-574531996684724	347330976363046
1065.72377964269	406773408008178	340374829429448
1067.31481771023	-102555146209010	372425193799246
1068.82245789908	-466684406808790	389859285630538
1070.33001037466	170885416208048	381056505382939
1072.12423602113	903603206914828	339541790360298
1073.64103556527	643100972556581	309685518580347
1075.18567344818	135026607273997	385442499444962
1076.89698095311	1.07004312447934E15	368767662899476
1078.85838681562	834985849102122	403991362370428
1080.29273385066	209126942280611	346807023600357
1081.71813465894	681907732108114	333902095184035
1083.47724374209	-1.04503820456941E15	389634505999379
1084.90351282923	363263291280200	365995522548315
1086.33025379145	446496510234116	357731676388342
1088.25812215978	871972801148376	382198011963535
1089.80675770137	326927327328313	429264771134220
1091.60674022313	849221243403236	399839702115805
1093.28713456897	1.53439544423225E15	373537163324719
1094.96861266306	-215725265974303	427594613003878
1096.44667669618	1.46284636440254E15	418064312231884
1097.46979811331	1.23859963441892E15	368348904188322
1099.52682062076	1.08405565641641E15	404830323101100
1101.37155251406	1.01504160316313E15	317403250181063
1102.97551531398	175119114413783	385044261608221
1104.42218496812	1.39467925617265E15	375342926542043
1105.98223712561	1.23989657229732E15	410505196696428
1107.63734966849	849845069334779	396223666631606
1109.24740924314	1.34753223337156E15	386710838594080
1111.06552024759	1.46475141306761E15	446537138182535
1112.47288193493	886197261887146	345334483811168
1113.91929134552	968953325823225	439067688589880
1115.49901374981	933925233312084	423926194642749
1117.240874637	1.71591757275737E15	412594901558003
1119.27777589676	1.20635018430346E15	380501523794249
1120.74162366878	2.05834502626488E15	382198011963535
1122.49127570972	2.48131268258213E15	414358794826214
1123.87404808845	2.34158039428595E15	413653582473362
1125.37248812367	1.47872106769698E15	402681516432816
1127.13924023491	1.43312100730116E15	433229935535062
1128.64244954266	3.3587876135845E15	439067688589880
1130.32914385273	2.19041825951936E15	391733756478317
1132.00923910694	2.21380521857789E15	406067449034439
1133.95081337632	2.38961659759863E15	393039743093156
1135.68544453668	2.56877468979535E15	409286472606171
1136.70286346315	3.41975392033109E15	400400249711889
1138.99155447992	2.34372414882384E15	461135800054079
1140.56253096643	2.27172456268352E15	490023525641341
1142.18476050032	2.45112123238916E15	462728670861501
1144.02325612582	3.67898341330851E15	430538024637463
1145.81736566118	3.24162741143273E15	415300961514112
1147.40145833137	2.66408887167795E15	504442867820779
1149.0764730179	3.00851340880965E15	434529574273821
1150.62810244555	3.71530882878976E15	456690952148118
1152.27097478647	2.51122255512174E15	434071855118550
1154.12347381293	4.09620054236998E15	474514694321132
1155.59698051337	3.29020232788105E15	517374585643934
1157.07342466871	4.5082695748325E15	453113658649554
1158.98737975168	4.46117661962925E15	454329212885321
1160.43111322063	3.5998101878477E15	479064182057549
1162.13567515566	3.64756506470766E15	506491223714253
1163.4465923755	4.16836621433906E15	496111791988528
1165.37765504644	4.85354067189588E15	460937624666702
1166.79447805729	5.4788071830756E15	465798376580588
1168.95516556671	4.15819068516715E15	507314304757970
1170.49976654988	5.32525203942765E15	445914029978310
1172.41020966284	5.09091049657719E15	527054668569645
1174.40674938329	5.36288519798575E15	497255072841368
1175.88267610466	4.22951728772452E15	533344524335401
1178.07209588786	5.56584623123273E15	532295120578671
1179.46440256704	6.38134711967451E15	492906882475897
1180.94111403551	6.29728292756988E15	483561795321793
1183.01389743526	6.15480368389558E15	482658043426135
1184.69307315272	5.33948769045657E15	538416357635651
1186.54083554174	5.05885726011855E15	569035323461011
1188.1771861386	7.00919204819396E15	491113304658946
1190.00338539491	7.3637111414647E15	572125467054856
1191.68943386404	6.86567028765894E15	543431968111147
1193.56649982612	7.42296551917389E15	557162545257697
1195.44864545773	7.82532782449353E15	513526908674832
1197.09577121069	6.67857956121558E15	550618933691583
1198.85137803329	7.4465371165074E15	590503369659242
1200.74770264461	8.74888022763737E15	597240178334799
1202.55439399716	7.06774653688517E15	583101536794680
1204.22855121971	7.88474006340657E15	551083872815300
1206.13902231913	8.34718733449441E15	520890756561417
1207.76839301342	8.34763745571332E15	602898825780723
1209.68796210225	8.4051872665412E15	623063374689879
1211.65496050255	1.00835201910452E16	589543152742588
1212.74161113911	9.81173025627554E15	597515598030245
1214.8552901817	8.2045389109622E15	638037719267127
1216.59954428401	9.17503402698931E15	574969473560111
1218.83076215307	9.88630787466389E15	620209455045460
1220.38971258319	1.04746031489422E16	642254591625004
1222.38284995405	9.23551555983418E15	601086180213029
1224.33728214281	1.05703514801711E16	628530121935721
1225.91687636422	9.88667740794164E15	641735400088560
1227.78122221102	1.17665322817553E16	635023080326656
1229.41007836915	1.01826933711816E16	617619773641009
1231.52071538504	1.29118230370135E16	682798018956313
1233.43927573732	1.14126210425434E16	678081509256295
1235.41592072569	1.40495886586641E16	622136348302426
1237.05666513188	1.25221948781988E16	658638260319487
1239.1820819081	1.31502083447566E16	661871980058153
1241.06950824889	1.49485343097698E16	695538842418612
1243.15757543631	1.34701766288979E16	637709574569353
1244.90731693748	1.25245343329379E16	677576742045166
1247.04491901242	1.41663733039223E16	675594964267052
1248.60025660674	1.56468856728944E16	725257676293741
1250.31155316097	1.44523556273215E16	644702045380994
1252.4001880728	1.32810007403693E16	741182364183919
1254.01493800739	1.42625447225711E16	713625104732491
1256.30601083525	1.6488105227886E16	766828733351217
1258.35494784553	1.68058917901282E16	735070859009858
1259.92832081179	1.73833767757408E16	749016309651648
1261.97876273267	1.6249231574835E16	791363895229905
1263.49747884437	1.68772452981206E16	747890774980332
1265.40429335464	1.71139801065802E16	727060242534917
1267.25554092129	1.74337364619199E16	777438944962343
1269.21719462147	1.79762200037285E16	806914441027430
1271.41064145558	1.74341598060676E16	768678701759043
1273.17100972472	1.90757601995431E16	740584488136684
1275.02970939597	1.79078678721319E16	761578889980294
1277.07455969256	1.9302134583828E16	801980495531736
1278.67559000391	1.88770817654255E16	819730532593540
1280.33001232482	1.95989277093486E16	849580200887416
1282.47759447357	2.06849374381905E16	813492851001667
1284.17076266092	2.37853949706237E16	826115119205499
1286.2996261877	2.12291256752443E16	829429731842700
1288.04063013031	2.22484180566282E16	828401292045451
1290.15972734373	2.3016014559995E16	848131307620309
1291.98979056462	2.18008789066966E16	828401292045451
1294.1400454581	2.52888526587881E16	877752834825947
1295.62330660205	2.16579571606873E16	829064398417440
1297.52290843817	2.51094368308952E16	879410637535509
1299.03962600525	2.35278678490457E16	863912876824766
1301.12913671925	2.40701126849815E16	868249960685577
1302.58051655116	2.59869389240604E16	903827489247718
1304.55706054332	2.82183546487845E16	953990764520680
1306.60753631352	2.708570247105E16	915475608248442
1308.36294781071	2.609203994365E16	934799280277119
1310.02540971637	2.70644436797484E16	923285505437048
1311.99997783102	3.02653642741421E16	899936323997365
1313.68290751404	2.89304745429352E16	962445518754827
1315.44705794061	3.29252416943035E16	927203155152175
1317.1072134707	3.1375749796397E16	984385650088754
1318.80576615544	2.94256000316883E16	931512830534806
1320.96988474189	3.14137990653107E16	954220341306510
1322.36996942391	3.36248477598183E16	984807936232561
1324.27918078345	3.09776704752984E16	1.03837243777122E15
1326.00292219243	3.44541179494696E16	1.00336528959261E15
1327.06504978975	3.38492258306624E16	1.00029225561878E15
1328.88244467228	3.45479579173549E16	987695972858367
1330.66772839151	3.57669170176769E16	1.05745081941104E15
1332.19777371149	3.64755666411173E16	1.04134439308298E15
1333.85573808808	3.65828682840654E16	1.10965134631327E15
1335.49938217124	3.89346379728598E16	1.09962746002233E15
1337.00293469544	3.73131735226118E16	1.06348436113168E15
1338.36178930882	4.02132408202539E16	1.06568962305466E15
1339.93420655188	4.05665059813179E16	1.1196936564481E15
1341.47887378213	4.29425824148876E16	1.06396222208187E15
1342.88674707012	4.43742363454768E16	1.13101881227258E15
1344.3013337957	3.90673653805232E16	1.13594782811914E15
1345.64786048107	4.04456889447223E16	1.14903604173716E15
1347.07614544047	4.31202822288812E16	1.13441821955451E15
1348.47080568055	4.27553146329746E16	1.175936406588E15
1349.60018557679	4.53563879250097E16	1.15038908532241E15
1350.83566308665	4.49173005791815E16	1.21676874326095E15
1352.15892143787	4.53907972298996E16	1.20345869890634E15
1353.31870775514	4.61848543036731E16	1.21725788693078E15
1354.21802387708	4.58065677845037E16	1.22811711302711E15
1354.51068041447	4.35850161707493E16	1.26665686101165E15
1354.65609033611	4.37258263626939E16	1.27440934648771E15
1354.62969789223	4.34782273263346E16	1.18259148653674E15
1354.77460419285	3.84645644890229E16	1.25326213445236E15
1355.17314939004	4.11020092601615E16	1.26025278786727E15
1354.97774084659	4.03591431024456E16	1.23709721608783E15
1355.08861473744	4.15533796043645E16	1.28979857771868E15
1354.62969789223	3.75446402177932E16	1.29240772132471E15
1353.92293608101	3.50276119596755E16	1.29399955886257E15
1352.71174253397	3.36069535978465E16	1.29754527848649E15
1351.27636133273	2.92373358381425E16	1.27908323571434E15
1349.06865115168	2.78871572622115E16	1.2689971782289E15
1346.10912530022	2.67665698188052E16	1.25640932348957E15
1342.95315107542	2.23314343556029E16	1.26273863785568E15
1338.93829894791	2.06872719017521E16	1.19180330742567E15
1334.73958704151	1.84759923769834E16	1.2178125300698E15
1329.46115848181	1.7024572421536E16	1.19881410261753E15
1324.11269643728	1.52616712444745E16	1.23362956851942E15
1318.3117062251	1.40795059404926E16	1.15728398032824E15
1311.8134958479	1.43864820857051E16	1.12286592045924E15
1304.83254049094	1.12541937940856E16	1.11686773889092E15
1297.33972682432	1.0663336331068E16	1.00640853878147E15
1290.35603738372	1.04607721216255E16	1.01238478860251E15
1282.22449219218	1.0038226525817E16	968802610771234
1274.97441331223	9.26752963403096E15	902433197699770
1267.59914936338	8.25266186947152E15	866487486755213
1259.92832081179	7.01184293641103E15	838200697225485
1252.2122399415	5.8759666482806E15	802814952184687
1244.76417923916	6.78529975735991E15	773890411454675
1237.59314332421	7.04795680818229E15	750268702177323
1230.56276531288	4.58677392237505E15	773324173472299
1223.72133597243	6.3265076880636E15	686077115466825
1216.7495326806	5.20418890070489E15	668963126197870
1210.29347328681	4.34156712471363E15	682367933897634
1204.36560203633	4.53004312422433E15	656406579494932
1198.16115579179	3.13345292966176E15	672129362042994
1192.23854587257	3.7494019186192E15	632865355414326
1186.40721861774	2.45022923537905E15	586880736598448
1180.49267043443	5.2022343092967E15	549791913827163
1175.16453369017	2.46271757058285E15	579163000223990
1169.74709585185	3.27672569258111E15	587545776467130
1164.37164925467	2.29757497598844E15	506328532043631
1159.43205879064	3.04110331208882E15	588826780656632
1154.82057006647	1.59750836914804E15	533476039449453
1149.7689540406	2.02495458152365E15	494334501008470
1145.05074442045	2.18923852734892E15	536203934939624
1140.31175116924	2.10792270262534E15	463275363991031
1135.94448810868	2.4521073786091E15	495575451998059
1131.37885567143	3.0423728310766E15	451713954914996
1127.00615275075	2.33277664484831E15	562375607865027
1122.8699424852	1.03384253911708E15	440233039156637
1118.86256828389	1.55291247315995E15	501540199118374
1114.87817734645	1.83742919227845E15	436254607383880
1110.82172197356	537240897612615	479131838078997
1107.30992932787	1.67228659768404E15	435614136016643
1103.10613308385	1.63701992766398E15	433184021028858
1099.93661036338	254824285540896	451315565541582
1095.95388440698	1.94569935611876E15	446239454162402
1092.59071213255	1.48391400668764E15	461817687771847
1089.07407809508	880514654324011	479131838078997
1085.59829204487	1.11748816865645E15	469781216709924
1082.08842502606	184149312897403	413971632582710
1078.97867620442	147628453942739	440415411341848
1075.35216943334	703431047378064	428380708554093
1072.04099847092	373526068301539	366342336741545
1068.8594538821	149518044190738	424094173500383
1065.80703652272	231497330937853	423165020902097
1062.62427317191	221914197407737	380272020501441
1059.39387635247	1.12019818358452E15	448620398434262
1056.16624898026	1.16544352730016E15	419093606840153
1053.18199956237	611080146166114	420300973630522
1050.48213119423	1.55762306965572E15	419170112585425
1047.41050245912	1.67735062722098E15	356114434053415
1044.58303815425	1.03871138190841E15	359528690484183
1041.58701112961	622976470819826	389153698908949
1038.58836885633	140347064518267	387064980848587
1035.54484998965	767106598869309	355062725838065
1033.15578579841	-203980527707885	345445753507514
1030.35248942722	176699513798439	367278210261396
1027.33826401409	766726388757018	425262716898519
1024.93944231695	542478503498282	423212526023034
1022.20689969913	-49633148453908.5	403811756931423
1019.51068162598	-1639565721129.92	420981952335784
1017.01950166876	378563320767358	420566506414396
1014.39921398607	414253591663014	413971632582710
1011.81642956109	23186605638687	386749851511676
1009.22960783228	1.04146350396077E15	385916989968295
1006.9316039786	969702752057168	414361220910500
1004.46228347951	-318897963298296	348543839548892
1002.07375106904	615101787206248	377651502866433
998.882448684291	923809276371169	408583998038203
996.737299119568	-93805443566400.8	392170057495505
994.505112411235	0	365995522548315
992.35486083779	0	338570958315876
989.862414743955	0	393716770988533
987.451365648467	0	394858277569130
985.163435087435	0	375632592221453
982.701720086221	0	413971632582710
980.576446200325	0	404719726282471
978.193387014234	0	353617188426703
976.190549096688	0	403811756931423
973.843417491073	0	419161297593488
971.321168489485	0	371654770692329
969.437787189832	0	367528687859071
967.2090425648	0	425616373420306
964.634513538636	0	352276326709374
963.13035289287	0	368897984701778
960.807140849604	0	367425444912589
958.652716200582	0	384834429316391
956.754837309902	0	367575733541028
954.811771654973	0	373270225004594
952.477237027476	0	336461952529453
950.745422046434	0	396860718739695
948.795749784249	0	401311366977116
946.58425943784	0	417680455995513
944.934497827757	0	395156863491789
943.325673919601	0	346740195026932
941.019935562231	0	340467514926117
939.235014894774	0	399151461505286
937.098511673853	0	430007401053083
935.527805562562	0	336957281045635
933.519167372523	0	378205395154836
931.552238896189	0	364837103499429
929.714491741963	0	419161297593488
927.876208057926	0	296811751316968
926.035434369886	0	346740195026932
924.280716834804	0	422059461829575
922.613275984796	0	415479802917222
920.857044501197	0	402294771604974
919.142425536638	0	340843938082240
917.163352179258	0	376106688475512
915.75565385177	0	388636353801723
914.126551396189	0	339326008345520
911.834998523495	0	374448653721148
910.644539820864	0	427371722684942
908.835435931219	0	340559610839085
907.070287987273	0	372530521559508
905.347202794893	0	379718833172602
903.756459080689	0	369994970063382
902.032627838342	0	424615964332563
900.396192929255	0	411373292414315
898.803155132416	0	383332493688105
897.2977638054	0	383332493688105
895.924328439567	0	412569362986869
894.108412884983	0	325733149251872
892.911758924202	0	421412943155995
891.271465718182	0	404830323101100
890.028779399108	0	341601996650686
888.25465615332	0	352276326709374
887.100721313921	0	412679279029153
885.324531622452	0	429796296981937
883.904153654011	0	375375514561266
882.12690953752	0	360951019395397
880.883019156554	0	368670194439668
879.417221253721	0	437395828700924
878.171786398808	0	371654770692329
876.482629211684	0	392183605677777
874.970519442777	0	332718156683730
873.636593081349	0	363692957752107
872.258076620508	0	384834429316391
		412594901558003
		407072544065594
		411472377625265
		379718833172602
		390054934482738
		382208107780543
		375965905770105
		419732809671188
		383887278515707
		417252201610886
		361902763014980
