K 5th I-TDS	Des D 50eV	err Des D+mask final
T sample	D m-2 s-1	
5th I-TDS	5th I-TDS	5th I-TDS
326.447155458318	0	1.53209609999329E15
326.788932074874	0	1.45116568098439E15
326.788932074874	0	1.45898103466994E15
326.856970346427	0	1.46359762880441E15
326.447155458318	0	1.56819281446716E15
326.515206650755	0	1.40791720666336E15
326.65130133057	0	1.3335082485258E15
326.515206650755	3.19518022096862E15	1.63964974409052E15
326.856970346427	4.01656010334784E15	1.63917605399773E15
326.515206650755	545193936141995	1.49378252962036E15
327.334711755433	1.28006105506928E15	1.57269211303984E15
326.379101700814	1.98219198752884E15	1.55073997766131E15
326.925006038088	803907355719896	1.40980676682786E15
336.583302637607	7.50426096701195E15	2.35853682692818E15
338.141374780114	9.54372212500368E15	2.26668264195537E15
339.427822602746	8.32054380781172E15	2.06210627385439E15
341.11941386194	9.48785406478626E15	2.16394395066775E15
342.809076519827	1.45119574391437E16	2.29206689880932E15
344.496776327945	1.54994479726188E16	2.30889145156249E15
345.912108184532	1.20315509158502E16	2.09776897689815E15
347.528971839359	1.8532509073211E16	2.48383270212296E15
349.278053442676	2.31830201223123E16	2.64272861065449E15
351.024875299991	2.00376406591589E16	2.50069442823568E15
351.829743675187	2.33747868097771E16	2.58558398173997E15
354.645164489434	2.58526875321384E16	2.72084148353667E15
355.649506679968	2.91766308439107E16	2.81008540372631E15
357.186335344922	3.35489444428445E16	3.07701427577743E15
359.456279134779	3.231453502045E16	2.95458974136443E15
361.322043956844	3.96830862311486E16	3.19071557102046E15
363.184915620166	4.09568262136261E16	3.26741327904978E15
364.846200562311	4.45755299378078E16	3.34568491470062E15
366.372853481152	4.5564415681721E16	3.45146732356521E15
368.29369945617	4.70295636306709E16	3.53426642286962E15
369.947607648538	5.50640081286743E16	3.69604500826579E15
371.92816463814	5.45617125060613E16	3.73407623623063E15
373.839461089645	5.63594681960241E16	3.85690217974482E15
375.880021052508	6.15392885559905E16	4.03378674876964E15
377.718839209643	6.31344667352995E16	4.06846827894446E15
378.964725212848	7.02941884319478E16	4.32748860501544E15
380.993889307693	6.7582801113249E16	4.26109789718792E15
382.890273854054	7.6621158774583E16	4.55701422252128E15
385.173055783726	7.27673547310174E16	4.4886432921444E15
386.018900440013	7.95610687713571E16	4.6612495465864E15
388.555025567337	7.97610143222497E16	4.69772391863931E15
390.175507013989	8.61756255766867E16	4.94482553547898E15
392.505843429933	8.65505542657479E16	4.99766478326021E15
393.604456410963	9.17399560025506E16	5.05142714629859E15
395.990597002922	9.36327641953398E16	5.14252653882073E15
397.471533747331	9.23524942522919E16	5.2479190570674E15
399.719725976704	9.27118817219326E16	5.40104633033062E15
401.450116276143	1.02046051772172E17	5.60892190458441E15
403.240908999207	1.03022771405321E17	5.71049477969014E15
405.4111016112	1.02102920897623E17	5.75435571071645E15
407.447630596306	1.01383912889801E17	5.71375073138713E15
409.861861787734	9.78322744634637E16	5.83638447108841E15
412.773732384916	1.04696807648838E17	5.95551218087961E15
414.415380302922	1.08868628000123E17	6.08740560603585E15
416.053801101977	9.7056251384725E16	6.05563992721475E15
417.562216960005	1.11730599441344E17	6.38891724943503E15
419.696054205407	1.06234204939806E17	6.31662055855335E15
421.448714349485	1.04637133722152E17	6.29679824130492E15
423.76034792347	1.11466531105025E17	6.53658772396561E15
425.938427940641	1.02713377642876E17	6.55669639228494E15
427.802583291666	1.09873417543112E17	6.49220265334488E15
430.155976714361	1.02740302440437E17	6.55643951526968E15
432.133124294523	1.07887268874189E17	6.77470935143936E15
434.22652351109	1.08482882536469E17	6.69891764043429E15
436.254361476744	1.06961685672725E17	6.83858029995827E15
438.154674458378	1.12325283801778E17	6.979197992501E15
439.987890400677	1.15292991855275E17	7.10020345158859E15
442.121617174875	1.01310976225089E17	6.81232486396945E15
443.884452981582	1.06431098515753E17	7.02979091991546E15
446.188043446142	1.10720484151883E17	7.0534051692225E15
448.123107001143	1.04541788995374E17	7.12108955188046E15
450.293161050143	1.04620521429181E17	7.13807386414319E15
451.916382518739	1.08186155078187E17	7.0442852231918E15
453.535897227365	1.09306531554334E17	7.16491790396083E15
456.107763690115	1.00784139050949E17	7.16397908726274E15
457.836454872549	1.04718267584933E17	7.24426503215927E15
459.858385924361	1.03564770555399E17	7.11268905226153E15
461.874416432422	9.79861495037808E16	7.04370749315518E15
463.647656288446	1.0191655183402E17	7.06481191156238E15
465.887433857961	9.78298021710224E16	7.13501657415731E15
467.651593705725	9.44255756574294E16	7.01090427593283E15
469.351426602933	9.27498731240209E16	7.0798458237302E15
471.572391946392	9.665421791276E16	7.25037399348851E15
473.379751818467	9.83364706325758E16	7.09108655168969E15
475.065094623063	9.62371269668604E16	7.07591440290532E15
476.978461363061	9.89754582958311E16	7.01511129692458E15
478.88497892408	9.76856049890729E16	7.12034487667642E15
480.615042108896	9.82281589763146E16	7.09778007290059E15
483.257459832238	8.23125411434969E16	6.8885423048074E15
484.746488135452	9.26115503205749E16	6.88764119826361E15
486.060011314747	8.61009300735853E16	6.78243831546572E15
487.657505071903	9.1909977585598E16	6.93229420310464E15
489.193096433491	8.16221382304177E16	6.7694839380389E15
491.347806805761	8.59729000934922E16	6.81454683051413E15
492.987253602576	9.00018101388876E16	6.80152204513965E15
495.24276160734	8.49615736977526E16	6.69699309185284E15
497.096115950123	8.13049059452117E16	6.65915452163016E15
498.945331561976	8.40219543259346E16	6.68544001527087E15
500.620947730043	8.10475046420424E16	6.64219391966374E15
502.348885767813	8.81428865461185E16	6.70540280000699E15
504.23811330252	8.73990871105223E16	6.59281893437871E15
505.734119864584	7.94510958938323E16	6.53293420682829E15
507.28163057238	8.15813698439142E16	6.43366393481232E15
509.265854839041	8.20925714372681E16	6.4349505122408E15
511.079618172337	8.06311532980447E16	6.47357391868238E15
512.94144953373	8.2656809323021E16	6.40833848448195E15
514.253430816409	7.78846523077362E16	6.2568598102906E15
516.324164328186	7.53862076087442E16	6.07903751355619E15
517.846858278445	7.99169225163918E16	6.17911318985548E15
519.79650580714	8.76178970544683E16	6.24208918477958E15
521.256871567642	7.86510947952502E16	6.15566265620173E15
523.034798843873	7.90689220167172E16	6.05835042448175E15
525.022959309628	7.46129751430538E16	6.01860758553077E15
526.416467715524	7.88470936895926E16	5.9792506205974E15
527.967868389145	7.45460417954704E16	5.80424725044104E15
529.67355633721	7.68303495150267E16	5.82816906747157E15
531.375767150789	7.56343363643009E16	5.87095747643601E15
533.284585706412	7.54941741872386E16	5.72236408973449E15
534.659667264081	7.18281636641568E16	5.55184086756306E15
536.189414937084	7.51030605148367E16	5.67284095451072E15
537.978705707528	7.72569533426115E16	5.62742638051925E15
539.657148555958	7.67533048936251E16	5.58893520666159E15
541.123715651429	7.10895822970849E16	5.37147161520613E15
543.002900757665	7.05321969288829E16	5.44515195879882E15
544.460461724234	7.16348310810381E16	5.41152278749296E15
545.86288643188	6.9635282063272E16	5.28953519661731E15
548.141753416391	7.07928241489142E16	5.25597528043632E15
549.174558390474	6.88231001680369E16	5.19012744155635E15
550.82330007458	7.02204648257569E16	5.18766379373252E15
552.828466068085	6.81717260465551E16	5.15336910734458E15
554.006929269474	6.92530821750832E16	5.12013360443096E15
555.69526697405	6.46597756255788E16	4.99218678904031E15
557.072997738523	6.85459523207446E16	4.99658830713859E15
558.651821731895	6.48413087251984E16	4.95071840514084E15
559.971445181521	6.80068511404299E16	4.91247219118208E15
561.745095439955	6.38247179557791E16	4.78913431758502E15
562.958795052803	6.3574785698167E16	4.74868028421212E15
565.2276590046	6.33780979268074E16	4.80068337559073E15
566.886859286501	6.31306421425608E16	4.64758151152192E15
568.140997860154	6.31563809496876E16	4.76036422390765E15
569.992241296244	6.2215916436692E16	4.68607053533915E15
571.19073450861	5.71821983876361E16	4.58055263980765E15
572.78423429475	5.55660763430086E16	4.35433581025426E15
574.424567710255	5.43618889530719E16	4.42653463942284E15
575.613996787412	5.34994646773457E16	4.38644635348706E15
576.802447315584	5.72251308123686E16	4.41971174282337E15
578.18577639121	5.36868574796842E16	4.25588079921708E15
580.108791184868	5.04543598809612E16	4.2972142951099E15
581.288301284111	5.01636369272221E16	4.20899618735811E15
582.810421300993	5.14461012532898E16	4.21142132188191E15
584.132877437202	4.76182436945894E16	4.02374832637956E15
585.746176119511	4.73647070773873E16	4.1291210097157E15
587.452933497075	4.76490118788045E16	4.1768683479967E15
588.329025563049	4.77424830961543E16	4.08061299709905E15
590.174767043141	4.71065487237567E16	3.99518287738246E15
591.435191002924	4.48774656486675E16	4.00941180692744E15
592.741635219841	4.73405292816993E16	3.97680669591576E15
594.431800782617	4.71255601157947E16	3.98385890998275E15
595.68485796324	4.25799331816234E16	3.86900239283295E15
596.838798067009	4.09037180194489E16	3.919681870667E15
598.519594779661	4.4705563464391E16	3.85830032568086E15
599.910143665471	4.56038365511691E16	3.93827428163458E15
601.152948482536	3.97691779282012E16	3.67735521786597E15
602.871742333237	3.95360428283134E16	3.73615772095339E15
603.920824371326	4.36832929790917E16	3.84388538068798E15
605.20565923291	4.01750168746567E16	3.74626011479953E15
606.583076046047	3.87311793556118E16	3.63868412856739E15
607.721742967718	4.10139230908568E16	3.66116575739654E15
609.44974167654	3.78546695644993E16	3.60606939195168E15
610.418367247597	3.52509964116358E16	3.63302047532987E15
612.211126043096	3.74642477457991E16	3.41641241974461E15
613.201021250578	3.89212991525064E16	3.69438400961954E15
614.377315209861	4.080054948122E16	3.61083363316995E15
616.021133997312	3.61775190053228E16	3.59630973117558E15
617.427122849514	3.6770707731395E16	3.49088783180974E15
618.690854679623	3.26299990789019E16	3.42694772225999E15
620.606801035126	3.82853617400518E16	3.51819018550515E15
622.191254252052	3.87657185260507E16	3.58224466509235E15
623.681171086212	3.48817596244199E16	3.4486986462288E15
625.586409871892	3.61512270663034E16	3.46341821093431E15
627.023511721424	3.42854522776942E16	3.47140586289975E15
628.597885537908	3.4592771282555E16	3.52912266185343E15
630.076455385764	3.28225991960426E16	3.37054378226933E15
632.199685546881	3.40610734283541E16	3.36448132113455E15
633.857411091151	2.82245444199504E16	3.19719786261645E15
635.420746081825	3.04196420768102E16	3.27739634079887E15
637.21041339562	2.88360184465367E16	3.3234458327222E15
638.859990403516	2.72403233692222E16	3.34757773152826E15
640.734966521305	2.80281119507276E16	3.28049970338451E15
642.288060054949	2.80767072910931E16	3.27213866814061E15
643.838962279925	2.22716387275338E16	3.16248682663275E15
645.387721058952	2.29850979324642E16	3.11396240310357E15
647.569980796978	2.11372687891167E16	2.97803388001411E15
648.932732506758	1.89674731881071E16	3.0013352063256E15
650.565171672646	1.86645505067393E16	2.94203751510777E15
652.64779900078	1.51197949684985E16	2.75881051856557E15
654.185232638602	1.48317205646507E16	2.83562151284609E15
655.945908510303	1.2870542583931E16	2.81990006039964E15
657.20867025994	1.15032507739615E16	2.75491760560548E15
658.853095761333	1.17047570250072E16	2.72674968664895E15
660.450711955009	1.0826856998391E16	2.67769517313658E15
662.02413032433	1.01563461926477E16	2.57636755467045E15
663.730149683221	9.07865358777246E15	2.51258559077098E15
665.165938123509	6.56114481527582E15	2.4439261739993E15
667.182130839509	4.84838434431479E15	2.29493455080956E15
668.793253084173	6.17772792392051E15	2.39884814499949E15
669.822204863834	7.07986940152616E15	2.45537043908954E15
671.564417261927	7.49580312085958E15	2.430810458919E15
672.903313059962	4.38043005221026E15	2.2693072747141E15
674.286695363704	3.50079216790505E15	2.24821138567783E15
676.203310658797	3.05163798830505E15	2.18955851570007E15
677.361235233127	5.40955630705357E15	2.23110944339164E15
679.229440966736	840042078912293	1.98208703284947E15
680.608312831465	4.71935441559052E15	2.23730640424229E15
682.252108419434	1.00029190296296E15	2.00194760615634E15
683.983210111254	2.27090410188957E15	2.01353119488694E15
685.181127961828	932887601788425	2.06007029322521E15
686.822629559354	1.1424075617926E15	1.94836495661267E15
688.506219056331	-107003480312224	1.84131213693624E15
690.012078277405	2.35718699722432E15	2.02794550747215E15
690.808836196685	1.44523545463164E15	1.95671014314568E15
693.77211574183	2.28257573299313E15	2.04493164599816E15
694.745185558249	1.18352774241024E15	1.89887979582502E15
696.335916225725	-187964715394933	1.77532463045982E15
698.05799974308	1.06946592395438E15	1.89601350173647E15
699.249936420068	2.626502697099E15	1.95686679810675E15
700.970597287748	1.24315301723251E15	1.88224728357214E15
702.51453130246	494641129750842	1.92897837126479E15
704.013905353511	548774315745485	1.81550340568472E15
705.821460389086	1.51564668246593E15	1.9086533415524E15
707.539434770214	1.1917864107281E15	1.8389274127223E15
709.081114769549	504361205128604	1.75314813439281E15
710.622354885874	394749465284378	1.88761519811697E15
712.119283537304	-374371289451081	1.80543669924933E15
713.835327010792	422909943755412	1.77762977668849E15
715.771356741814	-7210339421504.25	1.64748768707506E15
717.135563642477	-301287077200494	1.70636553968528E15
718.542425367583	-778629395079257	1.69909781780204E15
720.213242637629	-181667607165875	1.76787197154381E15
722.060217133357	-861132986646119	1.6946833727464E15
723.642842274644	158786811408064	1.79936128546297E15
725.006080152883	-722763651913736	1.59043031800678E15
726.851473630897	-928483455453626	1.69157057466716E15
728.214499835799	-1.82317791986714E15	1.55548256830078E15
730.060670650202	-893019842316999	1.55907594645875E15
731.422587530857	-468989162327042	1.75286197575646E15
733.004659376781	-943510609704256	1.73396418385107E15
734.938415262969	-1.65545705396834E15	1.62999045952288E15
736.476682518842	-700932790758395	1.65209972833865E15
738.058839185426	-925281463103507	1.50135793292221E15
739.597231047017	-957688568353693	1.51300737538289E15
741.135716160987	-366331865114084	1.69242490239004E15
742.454080100842	341794382572271	1.75319333679684E15
744.520012558607	-683355062418688	1.61413808637046E15
746.543362593279	-1.88092690556498E15	1.54484355049409E15
747.862192574208	-1.52013747457816E15	1.50086295776137E15
749.576985347427	-285928397456344	1.67017951279625E15
750.984906231141	-1.56644628864515E15	1.45618573415255E15
752.920610499113	-1.38227044376727E15	1.52069582792767E15
754.240221498521	-1.36818095014823E15	1.50045649029949E15
755.824404539082	-1.34837549988042E15	1.53013915802324E15
757.408875451435	-1.27960064388621E15	1.43438614866185E15
758.730163471185	-1.19284919781602E15	1.53880937901829E15
760.534813629345	-1.14794878261318E15	1.54298414171597E15
762.25301991044	-1.15345347989811E15	1.40992060580421E15
763.926684372596	-1.22832263672247E15	1.53263211623146E15
765.732606392905	-1.19121093330435E15	1.40912067907192E15
767.055384074711	-1.16474571315006E15	1.45065002205823E15
768.818159683781	-1.1661396798238E15	1.50045688066174E15
770.44944793895	-1.16826862694648E15	1.53031300598139E15
772.082150068528	-1.18903258520419E15	1.476682633248E15
774.022346131104	-1.15928653110263E15	1.47585693213613E15
775.258787827559	-1.13397714077206E15	1.44465076109102E15
777.111918412613	-1.17235376776582E15	1.47595116620833E15
778.790433474285	-1.10884786077604E15	1.46042606893007E15
780.336246082835	-1.13662607767662E15	1.47430474476825E15
782.058741297153	-1.1078300618215E15	1.46823072827116E15
783.64949373845	-984216789864069	1.47560764601957E15
785.350916283042	-976386621574887	1.32779652051293E15
786.699982771114	-871640081968229	1.38786482525196E15
788.51259493871	-798347590791390	1.4139540174019E15
790.238510839991	-743496684457724	1.36351679249621E15
792.008081196017	-769442574169620	1.37383726836322E15
793.601554915051	-731242332938234	1.4799720890718E15
795.195461853222	-637758466220727	1.40602994923023E15
797.011715597253	-447930186050020	1.43407637126492E15
798.739126755872	-342714122812692	1.38854203586867E15
800.245995389795	-336499237135535	1.49261843692563E15
801.885892915705	-216472035148528	1.46347741706845E15
803.305078630667	-204676330051077	1.48176457288606E15
805.078509202333	-161538422032771	1.30893062552351E15
806.897695120112	-127017251790158	1.24612849928536E15
808.362265131525	-78067906391912.8	1.35413669276521E15
810.004257412011	-79045164350752.5	1.42742142372562E15
811.335651648614	-46495318722491.5	1.45431675968247E15
813.600516698994	-24657942795247.6	1.37106256836272E15
815.021207317664	-23556648103727.2	1.37945486427395E15
816.931669099718	0	1.39055001703856E15
818.531308408859	0	1.26086118903006E15
820.042602003291	0	1.41618757829319E15
822.576154534777	0	1.35944216081743E15
823.910752484808	0	1.24621562881381E15
825.333264297955	0	1.31794939711415E15
827.068595668292	0	1.27227314972078E15
828.891977071296	0	1.3040245395185E15
830.716679947752	0	1.33206239439094E15
832.274313588181	0	1.39173224987083E15
833.965336310198	0	1.34837423774689E15
835.612170954537	0	1.1835393792459E15
837.437830767866	0	1.43167245678683E15
838.68432274733	0	1.3009990073461E15
840.776803345403	0	1.38340222167584E15
842.469714629373	0	1.38767943655663E15
844.294994858934	0	1.32813977604378E15
845.809411576504	0	1.30560660472628E15
847.50158512942	0	1.31174027914099E15
849.461373289823	0	1.23223817583672E15
851.020339931414	0	1.31395709124646E15
852.446026596578	0	1.4443047344132E15
854.227102322883	0	1.24895848255843E15
855.919278653139	0	1.29977224131153E15
857.656814865216	0	1.2518820466616E15
858.948039448615	0	1.38379795441646E15
861.129534533987	0	1.25200998478176E15
862.822271347201	0	1.38013978197799E15
864.425011912144	0	1.39021436605256E15
866.160774715479	0	1.40070963729974E15
867.674327249977	0	1.33680862169106E15
869.187678895828	0	1.32459752288582E15
871.101246545569	0	1.31670679046183E15
872.702816163051	0	1.28929494496029E15
874.659995739597	0	1.3864991917863E15
876.438278378136	0	1.28870221014183E15
878.08310579748	0	1.19992501866419E15
879.683205715527	0	1.41397948882146E15
881.372548538232	0	1.25008699100785E15
882.88218028664	0	1.29312177166424E15
884.880640936283	0	1.25606370440945E15
886.568432422759	0	1.35707348183549E15
888.210395160935	0	1.36629782618005E15
889.58531161964	0	1.3138831518736E15
891.44838975579	0	1.26936490990283E15
893.310681557311	0	1.26358461142365E15
895.171144351614	0	1.32661980661233E15
896.899236647793	0	1.26546920247084E15
898.360632929978	0	1.27124208072033E15
900.262798000127	0	1.32628458539693E15
901.944408320264	0	1.33881200425405E15
903.358653088819	0	1.26890334628571E15
905.170937009196	0	1.20989659132435E15
906.981203267115	0	1.43405221921315E15
908.570328649229	0	1.28203108624684E15
910.114623937389	0	1.46691481221078E15
911.658110078653	0	1.18148336733309E15
914.126551396189	0	1.18064912290716E15
915.799562145414	0	1.23696069848934E15
916.8551392565	0	1.45857441222709E15
918.394843201091	0	1.27709972313455E15
920.505448886404	0	1.22630806981402E15
922.174336250143	0	1.21575745586118E15
923.798313220944	0	1.3344996560559E15
925.465916918993	0	1.34355094032572E15
927.08762848948	0	1.40256824180226E15
928.839212651024	0	1.35477758971461E15
930.327576258867	0	1.29559834371971E15
932.470033698011	0	1.40996592831433E15
934.043044326877	0	1.25312004463418E15
936.35682938001	0	1.21226491150902E15
937.796434937221	0	1.23476627523609E15
939.408839043239	0	1.28937067213371E15
940.889675333116	0	1.32677203339472E15
942.977721454776	0	1.23549953544208E15
943.847976636982	0	1.12655088940157E15
945.671951529589	0	1.28138383918592E15
947.322045397252	0	1.16098141050651E15
949.142620476456	0	1.37811388107475E15
950.615836538886	0	1.11681427241798E15
952.304621601508	0	1.22843021625383E15
954.250472848088	0	1.2896502591815E15
955.848670588048	0	1.27925520493053E15
957.229259543459	0	1.32829707757949E15
958.824701992014	0	1.24613802457771E15
960.548481664031	0	1.14437293186941E15
962.183707671272	0	1.20630311266132E15
963.731596838376	0	1.30961194000485E15
965.621603114419	0	1.25672144723811E15
967.123484756772	0	1.40963065720398E15
969.137756098073	0	1.26216715866041E15
970.593694440056	0	1.15974082543301E15
972.262513257767	0	1.42391841832849E15
974.18515842166	0	1.35713490980761E15
975.678077229854	0	1.23604295042705E15
977.25653557223	0	1.20239826827942E15
979.130643000147	0	1.29725657734898E15
980.916723828416	0	1.26863288744424E15
982.488938319636	0	1.25172644597033E15
984.102847214974	0	1.3232952166066E15
985.756393601356	0	1.29103114889862E15
987.281472111075	0	1.31063950601584E15
989.143521803558	0	1.29155167323517E15
990.66526227158	0	1.21323668834449E15
992.227606953223	0	1.25934196967007E15
994.336947795907	0	1.26189240279099E15
995.684618549761	0	1.28845440902247E15
996.948131312506	0	1.21612030955279E15
998.714756607172	0	1.23816860282018E15
999.974865452317	0	1.28172527841152E15
1002.1574201317	0	1.18065899935215E15
1003.87545980165	0	1.36412509219734E15
1005.42466187514	0	1.29322802047678E15
1007.30693411915	0	1.19593785831472E15
1008.56119270268	0	1.37208781590796E15
1010.27333979968	0	1.20170883952233E15
1011.9411752175	0	1.20841665357294E15
1013.48271177345	0	1.34454080901693E15
1015.39726618777	0	1.30262910436911E15
1016.93564685928	0	1.31574226436466E15
1018.5150138607	0	1.24859233845011E15
1019.96785982885	0	1.34638041555476E15
1021.58491159594	0	1.34878593663923E15
1023.28406901492	0	1.25437869192738E15
1024.85689633068	0	1.30602989037364E15
1026.34591867933	0	1.35682714006848E15
1027.54435267109	0	1.33571880544403E15
1029.40284948839	0	1.18369474282599E15
1031.30074717082	0	1.30577482122122E15
1032.99137541108	0	1.28512928961585E15
1034.92706407687	0	1.24354556192123E15
1036.03839450391	0	1.19205252711262E15
1037.97141301676	0	1.44430585891382E15
1039.41010470233	0	1.20941135165329E15
1040.8479345892	0	1.36182168596407E15
1042.44961513252	0	1.43009872288592E15
1044.13119902331	0	1.31927157307848E15
1046.01802374498	0	1.27644093078136E15
1047.41050245912	0	1.28106094169185E15
1049.17178183806	-99105931424925.5	1.23932856530976E15
1050.64542479062	919783225121363	1.52451558338515E15
1051.87359119131	607510692945649	1.33373713953206E15
1053.50926236719	364229281119584	1.32379239074916E15
1055.26749165437	-69290352136036.4	1.27175447385495E15
1056.86104068012	647135482847232	1.43131264926433E15
1058.25031976233	-175389035614932	1.30113375167668E15
1060.00491075755	843977275949193	1.29232393192099E15
1061.64328959824	412188986646014	1.31481615005818E15
1063.18874280425	133425003466799	1.22309979879203E15
1064.98369116389	931379747250464	1.30575530447402E15
1066.6580745621	935674695607930	1.36178102669659E15
1068.16576966679	349903689249823	1.24189166548873E15
1069.5531197949	-567476863066131	1.26892079496094E15
1071.51382896975	-408668943036470	1.28627643718568E15
1073.10459921769	470810608652303	1.4216538829296E15
1074.69544532684	-6242883286066.56	1.30992104434145E15
1076.2031795883	1.12158596160771E15	1.4175756281474E15
1077.84062371023	1.44392475336072E15	1.48145115053857E15
1079.31179506624	1.56904274737968E15	1.56451117308522E15
1081.06092803743	474989676196482	1.43510353273217E15
1082.61613219065	940015282802393	1.44374829204726E15
1084.208845526	1.28654074370653E15	1.55684167829541E15
1085.92256233447	737506497636172	1.41507440016045E15
1087.51651294653	884484159951255	1.44306654970783E15
1088.823706717	1.47003703421503E15	1.44468758505826E15
1090.50249849264	1.14271423482406E15	1.47699952650128E15
1092.51643779424	-69843082956207.1	1.30211426927271E15
1093.86298399407	821701203060770	1.42609753137472E15
1095.78654499268	1.28947376504481E15	1.51912553763892E15
1097.1070009229	1.58869869956709E15	1.51757030077792E15
1099.11711458196	835634254681826	1.57786192052826E15
1100.38375071866	1.22140485374292E15	1.47720441111551E15
1101.86564726696	114032859296914	1.48735212764223E15
1103.60070227803	971356964685928	1.61343765130521E15
1105.24406529421	2.41795768818787E15	1.60513476690625E15
1106.88906133348	1.43111296139973E15	1.57996699658874E15
1108.83536939904	1.69635629280296E15	1.46746053458112E15
1110.19366525289	1.78169479315241E15	1.64409858798596E15
1112.09744505028	1.87156469243185E15	1.65141039978244E15
1113.29920963415	2.07815439475649E15	1.61170438726095E15
1114.75592689501	1.58628101132121E15	1.56060375533597E15
1116.58150440856	1.86059534237502E15	1.64249249820489E15
1118.3249029255	1.74811328719256E15	1.58289465373457E15
1119.74033993681	821180479312904	1.57783172048327E15
1121.4033321816	2.23182557733915E15	1.53594387794966E15
1123.11614634581	2.10829439925418E15	1.55595501995253E15
1124.79372448593	1.28475016847104E15	1.56272153773911E15
1126.17000045094	2.5645877080631E15	1.67873558308452E15
1128.01425198136	2.12198887336632E15	1.66787744617103E15
1129.73799240756	1.65473031539586E15	1.70226269760687E15
1131.25473867732	2.42777445571106E15	1.76397745665951E15
1133.10864672521	2.57450943962194E15	1.72372817761989E15
1134.7170916371	936930309769415	1.51153180393414E15
1136.49160521791	2.3000322030096E15	1.69250110822573E15
1138.35627186615	1.89392745019637E15	1.68013286418293E15
1139.5020454694	3.52903095028014E15	1.74487133930097E15
1141.50844933207	3.21478849664306E15	1.743901269921E15
1142.90999173129	2.85222580430316E15	1.7253048329715E15
1144.87617332301	2.7624417527236E15	1.85516253955546E15
1146.545850536	2.75717624372678E15	1.76641094119429E15
1148.21904123775	2.76122441278475E15	1.65876982511336E15
1149.85677756253	3.37019512407346E15	1.8478282770529E15
1151.53711232166	2.82115677710782E15	1.79462914033294E15
1153.13294711923	3.62842519894627E15	1.91267423974604E15
1154.73216968067	2.42691700406852E15	1.82481881709278E15
1156.07896060263	3.77944692942403E15	1.89496782491858E15
1158.1679077979	2.83865674187371E15	1.80916220352802E15
1159.72866332093	2.34953031381655E15	1.81052872143634E15
1161.35226235637	4.18592115823239E15	1.90041567067975E15
1162.7511081909	2.1442786741675E15	1.7754877735895E15
1164.50105472097	4.2211896983865E15	1.93862078836289E15
1166.26532905243	3.62061110321735E15	1.94470921690625E15
1167.93400633331	3.27113695842192E15	1.9597103635999E15
1169.57660412392	3.80837369487815E15	1.95788716227779E15
1171.38394584333	3.81367195197543E15	1.98215869162295E15
1173.07507861009	4.5409083323523E15	2.05015623636358E15
1175.47799618299	4.66321806960312E15	1.97648562044234E15
1177.04746622121	4.07877485625551E15	1.99766971268741E15
1178.79330163502	3.88327112582913E15	2.01407825371063E15
1180.2685591801	4.52467757419394E15	2.08116346618443E15
1182.11457721089	5.28888519147219E15	2.0969181785346E15
1183.74035055371	5.95645233134477E15	2.01978716379332E15
1185.68819117471	5.98319850400564E15	2.19436105681611E15
1187.27105007783	5.90470215283752E15	2.07788953867621E15
1189.08452050003	5.21405390383466E15	2.10719431254093E15
1190.7786628907	5.77268545625505E15	2.12960982885834E15
1192.88145625069	6.34790904103835E15	2.16126036903796E15
1194.52253601136	5.95088348966627E15	2.12775887172745E15
1196.40726155968	5.75412557030529E15	2.08235769704534E15
1198.16115579179	5.52141202546862E15	2.11736569467535E15
1199.82510324698	6.86289282792161E15	2.30003086151166E15
1201.57695774058	4.90576888643944E15	2.16332215458532E15
1203.34361114116	8.15149541341111E15	2.31492127229367E15
1204.63978058545	5.44806530248404E15	2.20036897603125E15
1206.83688813804	8.45727689486057E15	2.2784978773291E15
1208.42537596526	8.24773440774934E15	2.48647693623848E15
1210.34661117917	8.71575374903287E15	2.40770294926868E15
1212.50710744099	8.84911260918622E15	2.45654293495468E15
1214.19282468855	8.32301494422768E15	2.37895506610613E15
1216.03198123035	7.51261236058844E15	2.37209891861307E15
1217.92896843735	8.53520278254853E15	2.46251430461192E15
1219.40025187845	7.28466271733649E15	2.33611267863617E15
1221.39109454586	7.50534427594541E15	2.45536996335961E15
1223.44051849449	9.03251959821208E15	2.52756045942847E15
1225.20247567683	1.055234706299E16	2.63376585332362E15
1227.01119064366	8.08568276685289E15	2.45805133981198E15
1228.8342376352	9.3795590631298E15	2.54290506073931E15
1230.90012218194	9.11315969317772E15	2.63779841612706E15
1232.87206475602	8.21890119988307E15	2.53464609516175E15
1234.45445595513	9.73825150964319E15	2.67367258600301E15
1236.23600026478	1.01710227561872E16	2.5389772504785E15
1238.45858446057	1.0090560584453E16	2.55428756425242E15
1240.30103597072	1.05800237404049E16	2.64655079342152E15
1241.99226210316	1.00904201573299E16	2.72628211058651E15
1244.27981354652	1.03312259393872E16	2.74500639640447E15
1245.77743874495	1.12720447741427E16	2.72007357650688E15
1247.82793044785	1.25981713295862E16	2.95437738529077E15
1249.62685124463	1.17187858273879E16	2.87995325966459E15
1251.96903596697	1.27643087295645E16	2.88636984091621E15
1253.52819037081	1.1988542180181E16	2.77214052108231E15
1255.71923965191	1.16742956256487E16	2.84153066972809E15
1257.33587650204	1.3654627473852E16	2.98478431810408E15
1259.14157146423	1.26537521921696E16	3.05257069478249E15
1261.04768101049	1.41616921987382E16	3.04853197502464E15
1263.09838613611	1.38801771592856E16	3.05709057363284E15
1264.71695506158	1.27615215653235E16	2.99464694559279E15
1266.72347525802	1.50503491022539E16	3.18365749799696E15
1268.62987380164	1.6143180732603E16	3.15725741438165E15
1270.19220926266	1.48729281966751E16	3.17474019684226E15
1272.38506629109	1.70035414965196E16	3.26975059663723E15
1274.00097086612	1.50111735611932E16	3.26508499998565E15
1276.29004477736	1.4222869223359E16	3.1296170493717E15
1277.56055851786	1.7751889158481E16	3.24472840516246E15
1279.80081281929	1.56898920752493E16	3.24375501856314E15
1281.65205555299	1.7289274426471E16	3.292070031813E15
1283.48942351337	1.78982533395503E16	3.41561232057707E15
1285.57591733193	1.72774769168569E16	3.41576691328981E15
1287.50448071005	1.80618128584788E16	3.44916554134596E15
1289.14461245669	1.85293591456398E16	3.36411138348562E15
1291.11894376918	1.69836954145629E16	3.26265619746169E15
1293.18530026624	2.1327527282671E16	3.47098374566502E15
1294.67099844596	1.96791335065296E16	3.43540411366939E15
1296.33645905052	2.11742930462433E16	3.36926352824372E15
1298.38403762141	1.95458585201173E16	3.38401809617001E15
1300.23022983481	2.19745687160278E16	3.52089732864818E15
1301.97283171962	2.02421417541121E16	3.43989911353375E15
1304.17529209136	2.11235340267675E16	3.42537906429153E15
1305.85846791803	2.07477137125548E16	3.34006198108876E15
1307.71232214394	2.40299384223053E16	3.53675771006531E15
1309.05410376968	2.24157689276871E16	3.46857896147114E15
1311.22215520609	2.42866839325252E16	3.53343194579841E15
1312.81694196744	2.46238916144792E16	3.57762747093363E15
1314.72033043341	2.33058572962563E16	3.46765448241223E15
1316.43641153709	2.30368923479403E16	3.3567747676909E15
1318.08951792259	2.34813288787659E16	3.4803205966228E15
1320.18103119983	2.75501695062481E16	3.60589653728604E15
1321.71588485219	2.43060215934198E16	3.49997024485072E15
1323.45500731427	2.51504385282786E16	3.57005086740563E15
1325.2260345151	2.51192427034923E16	3.4658903458587E15
1326.30297012297	3.13304103606077E16	3.55730515882352E15
1328.11993123097	2.7008289531882E16	3.43625314214225E15
1329.50848902846	2.72395389574803E16	3.36576843737007E15
1331.6587383896	2.87928708703595E16	3.38693860087507E15
1333.13088850382	2.83379033215403E16	3.27122841677125E15
1334.82124440987	2.89086896159459E16	3.18396848893736E15
1336.25386741055	2.881914004098E16	3.1840125396562E15
1337.5522784331	3.40149895555893E16	3.33030820447794E15
1339.28595367277	3.10998815094596E16	3.15862249650775E15
1340.57769514847	3.36126861925345E16	3.3016628760496E15
1342.37013524533	3.27536593903982E16	3.10674267647377E15
1343.61394213292	3.27934205065276E16	3.06155799308718E15
1345.01425182596	3.43246541736018E16	3.11246893655837E15
1346.456809436	3.48500034518487E16	3.08604143280597E15
1347.58865908881	3.9144556670323E16	3.18071675272668E15
1348.87263339267	3.64810833291844E16	3.12333069085918E15
1350.18508857522	4.07756365476587E16	3.25190379084015E15
1351.59158093984	3.88537483982302E16	3.23081502545359E15
1352.92663001028	3.9828552937E16	3.17404512728098E15
1354.07078256505	3.61580636208796E16	3.01770471462417E15
1354.30474457949	3.61609761028877E16	3.01495550404434E15
1354.33138509028	3.54236735568491E16	3.03328505329154E15
1354.65609033611	3.24011757893102E16	2.85042291573814E15
1354.6824624238	3.82709186740628E16	3.09992778590149E15
1354.91889253006	3.23987329667038E16	2.86985515569473E15
1354.97774084659	2.78046105311345E16	2.66109950018126E15
1354.8271443195	3.12282678668033E16	2.83012886264363E15
1354.6824624238	3.02273884842256E16	2.81355614514664E15
1353.7744870575	2.59431319010469E16	2.5866497480371E15
1352.68393084682	2.76115012717229E16	2.60261557654498E15
1351.31229456605	2.37394901346568E16	2.53937768944573E15
1349.17389587883	2.26350995722026E16	2.36674028064667E15
1346.52768657491	2.13962042867956E16	2.41812405451189E15
1343.39158854671	1.99350590983014E16	2.3704473605155E15
1339.25124793513	1.84756452537597E16	2.34008361408784E15
1335.18344000903	1.44267802208121E16	2.11419353781142E15
1329.83935346239	1.5576468734002E16	2.2063688900711E15
1324.84597641877	1.42213228108165E16	2.18426411341893E15
1318.53366864219	1.12132208793561E16	2.10856118767677E15
1311.99997783102	1.01779946124751E16	1.91117289703412E15
1305.10781548081	1.03124262845488E16	1.98461707779464E15
1297.9536605288	6.9701451278714E15	1.76987267305987E15
1290.35603738372	6.91559686834549E15	1.82614315960146E15
1282.90663700115	5.02942576688375E15	1.70505613764904E15
1275.17347231898	6.7865493010689E15	1.80344189433333E15
1267.31096262298	7.28806898955836E15	1.84287502831292E15
1260.31619582624	4.69087672144885E15	1.73592205997773E15
1252.15696401721	4.76713191946184E15	1.63570647165812E15
1244.90731693748	3.25844352618159E15	1.61057269123313E15
1237.63694816634	3.99648635105676E15	1.6903685685285E15
1230.42132658572	4.3442660008955E15	1.70423018236544E15
1223.28934568753	3.94896769258057E15	1.60741006600683E15
1215.98916238077	2.95913743290538E15	1.59428212567533E15
1209.45438450797	2.67911515989627E15	1.56802786195019E15
1203.43837480954	3.28957863762851E15	1.67365843558521E15
1197.05402417833	1.87476347393869E15	1.63106834651813E15
1191.0062430502	1.3241913515766E15	1.51833389131251E15
1185.37000616427	2.18053675359755E15	1.46962490901182E15
1179.33216379776	1.45339032181586E15	1.62372735543146E15
1174.14424620549	1.67084366913354E15	1.59711566975887E15
1168.51448169258	470828240699307	1.28453303695419E15
1163.09876517434	534541549366260	1.40809773615012E15
1158.29619787943	752233474192850	1.46106167893075E15
1153.04474566998	83679370099739.8	1.46606616581503E15
1149.25197310112	914061649168915	1.46934621523677E15
1143.97482179647	506460029016866	1.49915314819964E15
1139.20341951132	937063785543520	1.48312361140788E15
1134.50630083002	1.04702510110902E15	1.53176350527059E15
1129.99538498609	95699853731641.2	1.36883417215171E15
1125.75217938332	432907535685696	1.4488650446594E15
1121.74379126382	-377620956296.949	1.3395231869568E15
1117.49529822338	-31812023251481.8	1.41511526448194E15
1113.29920963415	233184528852252	1.51691642076371E15
1109.74388282039	-22169819092600.6	1.40199151941517E15
1105.53368801055	-525157727715706	1.34378917435948E15
1101.57663253621	-68434288634186.5	1.3536306349726E15
1098.1304313398	-240766961335119	1.37674538374692E15
1094.15095750253	-1.09999133202741E15	1.25516787344909E15
1090.50249849264	-478758317854490	1.32143562204864E15
1087.10869365415	-488230741510628	1.46022270860488E15
1083.27352651767	-220487234028768	1.37720588654123E15
1079.80224731664	278046921573643	1.43791170470842E15
1076.28643357574	508280735746273	1.48148019694178E15
1073.22483411192	-1.03463193905724E15	1.30386437062524E15
1069.75659241822	-214821627872744	1.41286631444246E15
1066.6580745621	88400350066973.7	1.55774789361533E15
1063.30903440717	-618617757371038	1.33197954137297E15
1060.17154535442	-623891468158443	1.2482902451242E15
1056.8202824544	-1.20962146556364E15	1.29112851718849E15
1053.87728423177	-211880345682002	1.44857723400795E15
1051.01373457011	-762411459091171	1.45355544128216E15
1047.77918212132	-531400611001772	1.26060649079464E15
1045.2383523175	-1.29527970217593E15	1.35471150589687E15
1041.83363205143	-239184832114630	1.48320443508286E15
1038.9172836425	-517714338680218	1.33508321391506E15
1036.12048580379	-960555851781207	1.32341000292433E15
1033.73298935092	-1.42830386745537E15	1.39760935208436E15
1031.01276299471	-1.6713549035631E15	1.27432766097656E15
1027.6679953176	0	1.40430648355832E15
1025.18799628897	0	1.26607136932582E15
1022.74509445976	0	1.46269700258183E15
1020.25753294395	0	1.31942077638056E15
1017.55927819262	0	1.4169914674089E15
1015.10583542231	0	1.50197669377473E15
1012.10748814385	0	1.34368636106032E15
1010.06426827902	0	1.2912788164744E15
1007.34957974043	0	1.19580066023158E15
1004.88090403098	0	1.39652961715448E15
1002.61847121314	0	1.32246000414103E15
999.722543926739	0	0
997.410717273682	0	0
995.179498574845	0	0
992.607424002862	0	0
989.988905286795	0	0
987.959015242084	0	0
985.544992001315	0	0
983.041532712891	0	0
981.044911121911	0	0
978.705038193905	0	0
976.403224264243	0	0
974.18515842166	0	0
972.305156300159	0	0
969.523222715138	0	0
967.767002310301	0	0
965.621603114419	0	0
963.259000413562	0	0
961.538003680452	0	0
959.21356024877	0	0
957.100151401707	0	0
955.028210447255	0	0
953.039101551599	0	0
951.005546570216	0	0
948.926448188274	0	0
946.931547270669	0	0
944.977827530389	0	0
942.84759270654	0	0
941.194589069156	0	0
939.495745416006	0	0
937.490999521677	0	0
935.746470724056	0	0
933.738042952784	0	0
931.771316188352	0	0
930.108353676479	0	0
927.744135121299	0	0
926.166612282672	0	0
