K 1st I-TDS	Des D 50eV	err final
T sample		
1st I-TDS	1st I-TDS	1st I-TDS
324.057570787787	0	1.15488243517212E15
324.125710507576	0	1.28870431511248E15
324.261982503763	0	1.28304515804739E15
324.261982503763	0	1.12359418812924E15
323.716835072299	0	1.16866240636156E15
323.853136771756	0	1.14266548387163E15
323.784987155896	0	1.13780529764897E15
324.19384774707	0	1.15718235828778E15
323.578974460368	0	921349528638856
323.853136771756	0	1.16461438223991E15
323.784987155896	0	1.12551922747737E15
323.578974460368	0	1.13583476429812E15
324.261982503763	0	1.0930043308112E15
323.648680523481	0	1.476501081654E15
323.853136771756	0	1.42096025179339E15
323.648680523481	0	1.26840835794175E15
323.989428590215	0	1.27740423814899E15
324.057570787787	0	1.25566078678457E15
324.057570787787	0	1.1745697607585E15
324.19384774707	0	905557066956573
323.716835072299	0	1.25300083190131E15
323.921283917367	0	1.27213050432405E15
323.853136771756	0	1.06860021999643E15
323.989428590215	0	1.1457686209157E15
323.853136771756	0	1.20733357978662E15
323.853136771756	0	1.17524817863195E15
323.648680523481	0	1.32460518353042E15
323.716835072299	0	1.09381380834059E15
323.716835072299	0	1.18806039375316E15
324.331663206957	0	1.17828690887593E15
323.989428590215	0	1.27950343863376E15
323.648680523481	0	1.30752746234817E15
324.125710507576	0	1.23962712267771E15
323.921283917367	0	1.30783585782437E15
324.125710507576	0	1.34680901977407E15
323.510814932776	0	1.38108882583543E15
323.442652947574	0	1.6318815010393E15
323.578974460368	0	1.6594777423453E15
323.169980481094	0	2.04860974575896E15
323.101806245675	0	1.81434967408675E15
323.306321614423	0	2.00720727377947E15
324.261982503763	0	1.81146312517893E15
323.784987155896	0	1.82276165969596E15
324.19384774707	0	1.7542538266566E15
324.057570787787	0	1.8326429698022E15
324.057570787787	0	1.83419577639771E15
325.150602764264	0	1.73485333349419E15
325.491075637461	0	1.8977138400023E15
327.197122956711	0	1.99824756004324E15
327.538756468258	0	2.14188342421049E15
329.037452666518	0	2.04897547408837E15
329.92370327791	0	2.26406514907419E15
331.352471513863	0	2.31963698187616E15
332.849368646461	0	2.37042757554206E15
333.664306466549	0	2.37323441213762E15
335.565261524874	0	2.47217208638007E15
337.261117866986	0	2.54401372927484E15
338.750960892801	0	2.67497287775907E15
340.036892743583	0	2.63365336587681E15
341.52553914219	0	2.81131252880424E15
343.01115372399	0	2.78172976100832E15
344.901956503661	0	2.95823038899063E15
346.518461450259	0	3.1316886801936E15
348.000392009316	0	3.07797822732494E15
349.748868395188	0	3.07345067280956E15
351.225757876038	0	3.1836408813784E15
353.036882932687	0	3.3914916930333E15
354.845489246348	0	3.43031665375993E15
356.384811847828	0	3.45618543485543E15
358.388412009994	0	3.56390812098541E15
360.056356292654	0	3.54989380172694E15
361.388463412769	0	3.7847033007851E15
363.983469533483	0	3.72213533683557E15
365.443564764919	0	3.83899583847926E15
366.969427878551	0	3.95294020711088E15
368.028068111153	0	3.88302783289215E15
370.474904464518	0	4.11437849888025E15
372.39023130544	0	4.18164446082027E15
373.905153464748	0	4.19211550376861E15
376.142266578732	0	4.12634909775763E15
377.915187118277	0	4.22456063904397E15
379.619778015153	0	4.23833463608201E15
381.452011920006	0	4.34157848870394E15
383.215858018191	0	4.3389150681844E15
384.911628146607	0	4.4127030377962E15
386.604515348473	0	4.73606668452409E15
388.943482729445	0	4.54388187863455E15
390.69401443343	0	4.60260014641542E15
392.441351755585	0	4.49523865918222E15
394.38003628948	0	4.67125967404939E15
396.184786199469	0	4.65510449820272E15
398.500216803228	0	4.7975622426619E15
400.296892230356	0	4.73583628684395E15
402.153812243392	0	4.65813075374451E15
403.879500372332	0	4.82436524884186E15
405.155297450534	0	4.83914767665118E15
408.591528618785	0	4.8056705769381E15
410.432393658975	0	4.86093839313802E15
412.899796664111	0	4.84630765703614E15
414.857086494114	0	4.88860962123705E15
416.620137374712	0	4.90151280519445E15
418.567238253662	0	4.91917290270037E15
420.00996727874	0	4.97227405148165E15
422.199700773369	0	4.83793813012656E15
424.071263327624	0	4.83237159808207E15
425.876401139986	0	4.76503054804775E15
428.111907559267	0	4.92386557857359E15
429.84606284392	0	5.01740522393782E15
432.133124294523	0	4.8005010093052E15
434.473329832808	0	4.80904178944142E15
436.315557577821	0	4.68370492875342E15
438.031189504781	0	4.73710682139167E15
440.109667415047	0	4.79355004039898E15
442.060896882796	0	4.80522563958049E15
444.188625664164	0	4.74733082059039E15
445.946482029256	0	4.80192392262542E15
448.002659849161	0	4.6814902680394E15
449.931487141379	0	4.67565814102203E15
452.036171266107	0	4.58053615935589E15
453.836003683319	0	4.75610928223749E15
455.808626775992	0	4.59873441744265E15
457.479984615201	0	4.59269507018442E15
459.680692726609	0	4.61903425147394E15
461.103645879967	0	4.50418196348528E15
463.82432621136	0	4.57398925229096E15
465.476380751862	0	4.35575881643024E15
467.357442682886	0	4.53462935661454E15
469.117771419688	0	4.55445789216657E15
471.046969639635	0	4.3501565141694E15
473.088105372248	0	4.36773332814477E15
475.065094623063	0	4.36167993915189E15
476.978461363061	0	4.38935738077537E15
478.943855249173	0	4.44176662463936E15
480.441458340306	3.99611035867638E15	4.46468672517436E15
482.339234177568	1.07874296252062E15	4.34387959264119E15
484.28858988576	3.69410538077492E15	4.33237156104627E15
486.118241944992	1.65179749635382E15	4.284774647488E15
487.714300844998	4.45074378872044E15	4.26039122568526E15
489.363062188051	2.6200621567642E15	4.12443350826861E15
491.064097982787	7.74270828244466E15	4.2245430066185E15
492.422446789132	8.6870004901384E15	4.29700383203686E15
494.736128662408	1.13723491435603E16	4.14123780363386E15
496.646967930519	1.21462385596408E16	4.28174698516006E15
498.329950064699	6.05261017499771E15	4.05066807650826E15
500.398295353455	1.44334997440661E16	4.2377900470622E15
501.958998481014	1.05824521871786E16	3.9269182921157E15
503.515839926884	1.22360511368872E16	4.05736591095911E15
505.40156395098	1.94274416718259E16	4.19412409871057E15
507.004988573187	1.41681948667152E16	3.99272144721628E15
508.935172094764	1.43696276196563E16	3.89225438978234E15
510.585591490474	1.76006604895228E16	4.06153166644605E15
512.230412475242	1.8084201581296E16	3.97549694401421E15
513.652914027416	2.47669731660647E16	4.08801572236279E15
515.616986660166	1.82587756836441E16	3.82311934098222E15
517.358179921463	2.36101715585882E16	4.02687024831406E15
518.931161540394	2.43349705154529E16	4.0822117776446E15
520.500164995211	2.45519006321094E16	3.96574505534073E15
522.3889808317	2.19184933941874E16	3.82562167544178E15
523.949267811849	2.1430058105999E16	3.84306747979948E15
526.042581368069	2.75673755856662E16	3.90777584046355E15
527.593706106665	2.58978597826004E16	3.85346252183296E15
529.407917968957	2.8822982496305E16	3.88707830332021E15
531.00365711229	2.38369893786207E16	3.84324449991961E15
532.542431115779	2.72223265127464E16	3.78456257758347E15
534.342242330793	2.76996532622129E16	3.81034563901854E15
535.450726491969	2.71147372955223E16	3.68274283042369E15
537.347077597755	2.03237857576662E16	3.57823045264568E15
539.080731130683	2.76727654842754E16	3.76477200645993E15
540.809572126738	2.90940124772543E16	3.74196585223713E15
542.06283172133	2.62463443383784E16	3.61600853530132E15
543.835365669026	2.54844760099739E16	3.54671709100713E15
545.551115345938	2.42988900587201E16	3.52225712455092E15
546.744418460141	2.96902941893258E16	3.72988730124937E15
548.554141847383	2.51549941534966E16	3.34292107289941E15
550.205672851862	2.25211525948084E16	3.49620550103805E15
551.595359896891	2.50769641876764E16	3.41908768127487E15
553.443539056756	2.53319807577176E16	3.5094505206856E15
554.519934412724	2.50623561531239E16	3.37445290479421E15
556.103922465725	2.24900825869527E16	3.34015044633611E15
557.888286658577	2.34041926030086E16	3.29904722217103E15
558.905363179353	2.55394294690414E16	3.39967387948933E15
560.85888085014	2.39053207458958E16	3.30257855739402E15
561.694618511776	2.28331313124078E16	3.25009501173746E15
564.37133710605	2.52996541233179E16	3.35416486506407E15
565.379395860448	2.50324659706742E16	3.39127675053073E15
567.388575365584	1.95900652585735E16	3.14050947792243E15
569.092225318325	2.06943366162297E16	3.09560522481686E15
570.292351393415	2.43669151969991E16	3.19263901234356E15
571.489171445596	1.94810052649872E16	3.07783680700301E15
573.083084216288	2.10404955885108E16	3.19478385440957E15
574.523579889051	2.32350263194983E16	3.31907741450397E15
576.110281036712	2.18317550653442E16	3.17052280063918E15
577.173479297109	2.11684013211556E16	3.15113329984881E15
579.07365225141	1.95107767635801E16	3.16283327310461E15
580.354225163898	1.66854991667383E16	2.98841835711263E15
581.730373993468	1.69741230686668E16	2.92405857594526E15
583.054893762479	1.74009129626217E16	3.03032318854781E15
584.279291968939	1.79893263336191E16	2.98607324837226E15
585.696370287436	1.92324638757612E16	2.97571594467889E15
587.354664039006	1.55144332553833E16	2.92861983179023E15
588.912118571693	1.53310995122753E16	2.98758063480442E15
590.029571572935	1.32540653990012E16	2.89185408802595E15
591.28915228129	1.370827166245E16	2.88563382372997E15
592.789854988871	1.32762479656101E16	2.84523453921895E15
594.672309054951	1.2190771094101E16	2.73466815969601E15
595.347496713702	1.2954356242427E16	2.74198453695436E15
597.175479167875	1.36300233488688E16	2.81481594203765E15
598.183520894012	1.16592445837054E16	2.67863722594515E15
600.005649585008	1.15340262141268E16	2.70427276814213E15
601.392382826404	1.02946394419796E16	2.66956569079264E15
602.4900014762	1.14858203029534E16	2.66282355593281E15
604.015830405114	1.09664440409892E16	2.63953216297882E15
605.110798579678	1.13003904066715E16	2.67975308039691E15
606.677758715968	8.79428572877863E15	2.55140748623835E15
608.668848737472	9.60333560736771E15	2.49271754090962E15
610.135614507855	1.15656187278102E16	2.58601498430248E15
611.362303739474	8.57190673305291E15	2.50253849088829E15
612.918162945596	9.80639899882072E15	2.53201525085617E15
614.377315209861	9.55172903399751E15	2.47047972956338E15
616.20830854042	6.96732197146811E15	2.49131442618524E15
617.895270723245	5.15230809977246E15	2.28037239181313E15
619.672125806585	7.26079349133968E15	2.37219340677191E15
621.35234480073	7.22228106246937E15	2.4025787832055E15
622.890093286014	7.33551819211417E15	2.3937387209931E15
624.471555571498	1.0649292032427E16	2.57479006424913E15
626.142803037243	5.82739376444127E15	2.3087320104745E15
627.903387650714	6.46053428823219E15	2.30804055030337E15
629.938231319107	5.42053607545777E15	2.3106495407144E15
631.599794546665	5.30281968119245E15	2.26247711356079E15
633.028895709011	3.35206549722887E15	2.17120855420417E15
634.960335467244	5.01115765316685E15	2.378059011571E15
636.476195250685	2.26478099501629E15	2.12969228622813E15
638.356459612467	3.68709480379448E15	2.22177614109271E15
640.004241906835	2.79794466678541E15	2.1320292070769E15
641.786135178436	2.94960702314625E15	2.10828959283062E15
643.565126804021	990614298668693	2.1386692880014E15
644.887187284226	757277300397245	2.10077968883642E15
646.388132904064	1.07309988282905E15	2.03162143528487E15
648.160973211358	760196029510223	1.90872948118135E15
649.431538614677	2.16625252508699E15	2.05310001875312E15
651.290227899389	2.64370663677456E15	2.11912926968102E15
652.783167725482	1.01810631349093E15	2.06011108639625E15
654.32043858104	1.84708971232515E15	2.06668005612928E15
656.306965427032	1.28489331273046E15	2.04280503655541E15
657.659296672095	1.10389905810996E15	1.9161593720175E15
659.190930172545	1.3601858392195E15	2.02300101458249E15
660.945138077211	388007751685795	1.91048901521747E15
662.294007955354	1.43107576423213E15	1.88501961420178E15
663.954962548638	236022480213484	1.9615420279032E15
665.300093174375	-342090131570431	1.97506318561427E15
666.913115540467	713000394461111	1.97176685709142E15
668.256727760179	1.29304409697482E15	1.95402438770147E15
670.179908875601	1.20878548009449E15	1.83564382443907E15
671.296110217516	1.7123619981783E15	1.88186886265801E15
673.171375562751	1.54441126523586E15	1.95499305128879E15
674.687963180219	-38970856150247	1.880658822384E15
675.846808285186	777757214973370	1.90598097165742E15
677.58325201078	1.69648951735884E15	1.99812081683792E15
679.407899365694	-147532871301738	1.79302959640314E15
680.785645595671	280040145301933	1.88368242603539E15
682.163504200421	927568062547181	1.84542535797876E15
683.894674341557	1.59464133041706E15	1.91273414582029E15
685.447583906481	409092338073190	1.8265715019954E15
687.265736006339	653329422813835	1.92981497589541E15
688.816496806637	809235991159085	1.80269676020706E15
690.056237240873	750787984121595	1.77211048774415E15
692.666381517938	221480880493396	1.7590870718485E15
693.683912720849	2.91672817920383E15	1.95022187275021E15
695.098861760635	1.06402519945034E15	1.86810357934971E15
696.777535120851	-150547961998830	1.66089449104635E15
698.102041563033	691749601203754	1.68057266139691E15
699.82324546552	643235609371196	1.8026377912741E15
701.632643094126	932861934858269	1.83169149335434E15
703.044371674055	576269329314330	1.759489093952E15
704.719428475254	778579662539228	1.71184426032416E15
706.305951387862	1.24558650346275E15	1.77354226500247E15
707.848007274076	1.43790664102765E15	1.81599162329225E15
709.565293662035	2.38025719154135E15	1.88387824896952E15
711.018578164863	906106359004142	1.70812223457816E15
712.603213187635	307965443096671	1.73860230516503E15
714.539578200838	530720650953326	1.72114018024771E15
715.991759455739	1.57846773159124E15	1.68613366103509E15
717.442679125128	686837348627973	1.73201548692069E15
719.069819311985	0	1.60847293209855E15
720.916980988272	0	1.69608372127791E15
722.147924057287	0	1.51038473435068E15
723.99462428128	0	1.72707588479535E15
725.181459663186	0	1.63755326100357E15
726.851473630897	0	1.76387400316133E15
728.433693918237	0	1.52880304158811E15
730.148344336193	0	1.71482165938353E15
731.949614352181	0	1.73079822082998E15
733.312505001127	0	1.62572150035005E15
735.246264991474	0	1.58051768239259E15
736.784540581915	0	1.57695605230892E15
738.146517403429	0	1.49435898688848E15
739.597231047017	0	1.70667579157814E15
741.706697303646	0	1.66924236626149E15
743.50943741594	0	1.67656999562758E15
744.871835735388	0	1.70080488647951E15
746.718800038307	0	1.63031137300163E15
748.257968499295	0	1.48353761815252E15
749.753464038664	0	1.60898941598583E15
751.293038417305	0	1.61121914643367E15
753.052264117913	0	1.47909803443284E15
754.372891134267	0	1.5060818987542E15
755.824404539082	0	1.49367523959796E15
757.496688593073	0	1.51511578590835E15
759.477725311356	0	1.49655007238738E15
761.018986631729	0	1.70029049848517E15
762.516626446373	0	1.61753535673215E15
764.124434192647	0	1.41615414320318E15
765.688651404294	0	1.60322664400627E15
767.804806465086	0	1.51700021209393E15
769.126993562698	0	1.5353139336292E15
770.846337066823	0	1.5364250196442E15
772.567142656394	0	1.56078705842794E15
774.199394152138	0	1.48390505212686E15
775.700005795403	0	1.58837640649034E15
777.642346470717	0	1.39863207196754E15
778.87852598241	0	1.65288710289296E15
780.689717137025	0	1.53759595673535E15
782.28009847749	0	1.59101670878617E15
784.003164381574	0	1.39209751378306E15
785.72673916284	0	1.47223315987279E15
787.495938575011	0	1.57971992913123E15
788.734197515519	0	1.4618372611003E15
790.680853013381	0	1.58951917821976E15
792.406408903911	0	1.57465338915276E15
794.089316800965	0	1.47579823272574E15
795.771703130094	0	1.4313497387766E15
797.542941792843	0	1.49250581912717E15
799.005312856559	0	1.50636926227511E15
800.644876012048	0	1.41596279438407E15
802.063775819998	0	1.48534623563128E15
804.014792929648	0	1.47685030313679E15
805.788422984761	0	1.50973324011568E15
807.252742686135	0	1.62150630407263E15
808.761658563793	0	1.39352510615087E15
810.359471643212	0	1.50230113281387E15
812.001949023123	0	1.44501679582024E15
813.955914813263	0	1.57918947705786E15
815.376675102137	0	1.50935927568335E15
817.375868115497	0	1.46765639553869E15
818.709626118576	0	1.49516511581546E15
821.287111587282	0	1.45801561327291E15
822.310065653863	0	1.59038051142147E15
824.088176331357	0	1.50616663093425E15
825.823279700856	0	1.45461985661472E15
827.513317444596	0	1.48095940358388E15
829.47092675584	0	1.47233965686601E15
831.028391918869	0	1.52868312962853E15
833.03100844215	0	1.4388809965313E15
834.365926926968	0	1.52344480684565E15
836.057212204403	0	1.51397462714202E15
837.659871211583	0	1.67271279296448E15
839.618996755021	0	1.38619004185381E15
841.221975371154	0	1.5663882254038E15
842.691810828629	0	1.57822424404435E15
844.206151151428	0	1.57438171852389E15
846.343510011	0	1.57249275375483E15
848.214413508295	0	1.53588286860949E15
849.906647118745	0	1.65413817648733E15
851.199055949547	0	1.62864526592544E15
852.802446462653	0	1.65166161968841E15
854.716789306802	0	1.67959985501262E15
856.409957160572	0	1.68729685389737E15
858.102036848225	0	1.63387454894466E15
859.571922705238	0	1.69010784333431E15
861.620111616249	0	1.60240363232766E15
863.089742722171	0	1.58647758748992E15
864.647040417059	0	1.58678793027799E15
866.205174937204	0	1.64405122182536E15
868.297853556965	0	1.64279192983374E15
869.899888054641	0	1.61340504296479E15
871.501665571217	0	1.73830306123977E15
873.014422744612	0	1.63959773725618E15
874.74871805706	0	1.75482240891613E15
876.526979774202	0	1.84888685749674E15
878.527504830899	0	1.66790318544058E15
880.03884186889	0	1.77581461708579E15
881.993971726778	0	1.85368793510518E15
883.460146748274	0	1.70409521462056E15
885.414110483937	0	1.77934104488672E15
886.967905928566	0	1.76681235789054E15
888.742505965218	0	1.89918146792886E15
890.473209745059	0	1.79903228400049E15
891.84744799228	0	1.79232200989527E15
893.620147115389	0	1.78573930400294E15
895.614033881487	0	1.91522381195178E15
896.943407943425	0	1.79200956657484E15
898.404787174981	0	1.80925719641559E15
900.484451489663	0	1.94762366930448E15
902.342380697188	0	1.9808620712184E15
903.756459080689	0	1.84376697208869E15
905.347202794893	0	1.89922292019956E15
907.378561476539	0	2.04747709591107E15
909.27656272218	0	1.93166528009264E15
910.688528524637	0	1.96441469651728E15
912.848147575566	0	1.9594913856987E15
914.258353229247	0	1.86874014277565E15
915.84346971948	0	2.0692748687956E15
917.427648339215	0	2.02777825301301E15
918.923157361032	0	1.97611627042327E15
920.98850657466	0	2.04155216414389E15
922.745639048731	0	2.10229344212149E15
924.412987695834	0	2.07789540627554E15
926.298776433981	0	1.99840804058138E15
928.050969403147	0	2.08361756617972E15
929.539860443732	0	1.98686785915082E15
931.027751146993	0	1.9325179982498E15
932.558224407072	0	2.13440221458361E15
934.436113914131	0	2.02705015090796E15
936.313308996671	0	1.95192244360235E15
937.926898128297	0	2.10990807554274E15
939.844320205765	0	2.15711562512616E15
941.499455191025	0	2.11658246065956E15
943.282306521125	0	2.27281373455689E15
944.499176107546	0	2.15591113097324E15
945.889489333832	0	2.2367635240727E15
947.798990331177	0	2.29661590614474E15
949.402975748849	0	2.24632804340351E15
951.005546570216	0	2.2561413789565E15
952.823398034016	0	2.18271658415906E15
954.811771654973	0	2.28697940544486E15
956.107064581919	0	2.2784639653634E15
957.445396145335	0	2.18143361670421E15
959.644326751031	0	2.20536276175874E15
961.064784383696	0	2.35146179446361E15
962.700480910393	0	2.31618422583979E15
964.376448640359	0	2.2901461980497E15
965.922284531423	0	2.03037216321834E15
967.509431476955	0	2.37158947098352E15
969.224178547892	0	2.25018510277142E15
970.765408116292	0	2.37620957495849E15
972.817752563941	0	2.4105739456924E15
974.227749855043	0	2.37150348622644E15
976.019421384393	0	2.36783975319679E15
977.810021713842	0	2.34812791476132E15
979.725909094474	0	2.35599200724246E15
981.214526194446	0	2.37657336113974E15
982.638177455364	0	2.33745228625605E15
984.399077234707	0	2.32500001679831E15
985.968727029531	0	2.33657587695276E15
987.874578481341	0	2.41755726989545E15
989.481922423604	0	2.43897705454589E15
990.96119508061	0	2.3245008875575E15
992.607424002862	0	2.39743273321457E15
994.336947795907	0	2.25485478180596E15
995.853591761569	0	2.28346109163313E15
997.242866913581	0	2.47176072351224E15
998.714756607172	0	2.3687997786868E15
1001.44418915227	0	2.43309569162667E15
1002.74392986885	0	2.53145540966463E15
1004.42051031168	0	2.47788238426507E15
1006.052647519	0	2.42799016471234E15
1007.51636067587	0	2.36764255040436E15
1009.02040260743	0	2.42215156051008E15
1010.60628553857	0	2.57286592760405E15
1012.3994403798	0	2.50136366092863E15
1014.1491368267	0	2.47751177162964E15
1015.52268862094	0	2.59704977815261E15
1017.14386307595	0	2.58818103746499E15
1018.5150138607	0	2.49181464789447E15
1020.3826044261	0	2.45765914649454E15
1021.99928098533	0	2.49410630576635E15
--	--	2.51631144986799E15
--	--	2.60328548061339E15
--	--	2.66844024852894E15
--	--	2.58567652500378E15
--	--	2.69478869944915E15
--	--	2.53887732391917E15
--	--	2.6718043724815E15
--	--	2.67993599682679E15
--	--	2.65085716474884E15
--	--	2.62176567838537E15
--	--	2.61863250318994E15
--	--	2.79009913585777E15
--	--	2.74939271782378E15
--	--	2.7841558068117E15
--	--	2.65767936089629E15
--	--	2.7296910407056E15
--	--	2.78207702514286E15
--	--	2.80067682557073E15
--	--	2.70633333036406E15
--	--	2.65231422074284E15
--	--	2.66966633249989E15
--	--	2.77545038963695E15
--	--	2.82234788717888E15
--	--	2.97763499040583E15
--	--	2.94316801498495E15
--	--	2.91572764280231E15
--	--	2.83444152065557E15
--	--	2.85073268099076E15
--	--	3.00054760984956E15
--	--	2.91378574107895E15
--	--	2.86667925141657E15
--	--	2.99701281061356E15
--	--	3.0411718706566E15
--	--	2.93874544444103E15
--	--	2.87757770563674E15
--	--	3.04788049634958E15
--	--	3.06636404266699E15
--	--	3.20941456031543E15
--	--	3.22076842663983E15
--	--	3.06468871177117E15
--	--	3.11207816313211E15
--	--	3.20811480798913E15
--	--	3.27545005553784E15
--	--	3.21208354895935E15
--	--	3.33767014055187E15
--	--	3.31379495147996E15
--	--	3.39875726963184E15
--	--	3.37692156938151E15
--	--	3.35621790618659E15
--	--	3.49024939638312E15
--	--	3.32159483586216E15
--	--	3.49223250614033E15
--	--	3.44788870575834E15
--	--	3.51328556603029E15
--	--	3.57326509591017E15
--	--	3.5222015461654E15
--	--	3.7523927638571E15
--	--	3.45990964494878E15
--	--	3.5794768574034E15
--	--	3.6542985220868E15
--	--	3.73271262381295E15
--	--	3.72166071609501E15
--	--	3.75805261593391E15
--	--	3.8668088298307E15
--	--	3.91301898951302E15
--	--	3.96209414133061E15
--	--	3.91111207404156E15
--	--	4.06887320800004E15
--	--	4.03622644447427E15
--	--	4.09633621664546E15
--	--	4.16669994546556E15
--	--	4.29986574842463E15
--	--	4.32005442630454E15
--	--	4.32218733926486E15
--	--	4.27850681788847E15
--	--	4.42365946471086E15
--	--	4.57948448630384E15
--	--	4.5073567761502E15
--	--	4.52350259170738E15
--	--	4.63659420777941E15
--	--	4.81276818417594E15
--	--	4.77351679425888E15
--	--	4.84700364145957E15
--	--	4.90464373403734E15
--	--	4.83399292589888E15
--	--	4.95301982693995E15
--	--	5.00858541814945E15
--	--	5.13319110694279E15
--	--	5.27077713030585E15
--	--	5.08001940418282E15
--	--	5.50598330370856E15
--	--	5.50111073426981E15
--	--	5.49295438371572E15
--	--	5.54065247485529E15
--	--	5.66292098659108E15
--	--	5.68465469193342E15
--	--	5.84354057895293E15
--	--	5.82596882005552E15
--	--	5.88985739605419E15
--	--	6.00193060999908E15
--	--	6.09471578528162E15
--	--	5.96936863869722E15
--	--	6.26146611081927E15
--	--	6.28272485755306E15
--	--	6.49897489102199E15
--	--	6.43630962831149E15
--	--	6.52770363768027E15
--	--	6.62937448378283E15
--	--	6.64778096542849E15
--	--	6.73756583116061E15
--	--	6.86276627411132E15
--	--	6.83664999697773E15
--	--	6.76651397788891E15
--	--	6.57881760023736E15
--	--	6.59752779051879E15
--	--	6.75483048375422E15
--	--	6.43919390437689E15
--	--	6.41483575014548E15
--	--	6.36164174840662E15
--	--	6.27272264930604E15
--	--	6.28670050785327E15
--	--	6.01424224966276E15
--	--	6.0773749356139E15
--	--	6.06683052062137E15
--	--	5.84616241873025E15
--	--	5.87465031632064E15
--	--	5.75261873204303E15
--	--	5.64176449005965E15
--	--	5.64241859361826E15
--	--	5.54404042363929E15
--	--	5.48679247332776E15
--	--	5.4993249663882E15
--	--	5.286474213318E15
--	--	5.14556962274817E15
--	--	5.1262808281777E15
--	--	4.99678710141919E15
--	--	4.69145928317683E15
--	--	4.45055068036165E15
--	--	4.0987520681533E15
--	--	4.05204631619147E15
--	--	3.9098513897571E15
--	--	3.82057122940355E15
--	--	3.74108565446844E15
--	--	3.44913858201047E15
--	--	3.26403033265708E15
--	--	3.10219762570084E15
--	--	2.93668069724253E15
--	--	2.75785901541623E15
--	--	2.65946124776094E15
--	--	2.47943795625548E15
--	--	2.26063195026694E15
--	--	2.1384828309033E15
--	--	1.98587846259474E15
--	--	1.94147502264035E15
--	--	1.85977426139025E15
--	--	1.79929707506129E15
--	--	1.75281681788725E15
--	--	1.61075996359237E15
--	--	1.65767867225357E15
--	--	1.61667652208997E15
--	--	1.53478381241379E15
--	--	1.51263630396989E15
--	--	1.4408584856992E15
--	--	1.51499702720745E15
--	--	1.42211094695513E15
--	--	1.43545131518513E15
--	--	1.42896487269198E15
--	--	1.42462637872147E15
--	--	1.35848793988071E15
--	--	1.46612980435476E15
--	--	1.39522783981169E15
--	--	1.39806341092525E15
--	--	1.34834842409842E15
--	--	1.40633208006662E15
--	--	1.34882171480167E15
--	--	1.28846802978457E15
--	--	1.35736421224009E15
--	--	1.36185777002398E15
--	--	1.37275388600745E15
--	--	1.40420176078788E15
--	--	1.25877021301411E15
--	--	1.3913448590279E15
--	--	1.32620111570774E15
--	--	1.32218221341435E15
--	--	1.22977556263601E15
--	--	1.38624690501884E15
--	--	1.28449774988745E15
--	--	1.18226634896714E15
--	--	1.38153496432811E15
--	--	1.34036416322288E15
--	--	1.19182413683083E15
--	--	1.27695334791451E15
--	--	1.26568131926254E15
--	--	1.18998065483236E15
--	--	1.20783808613493E15
--	--	1.25360105810925E15
--	--	1.21853020673107E15
--	--	1.29856751169768E15
--	--	1.25538214921438E15
