T sample	Des	err Des
K	D/m2/s	D/m2/s
326.44716	0	1.53E+15
326.78893	0	1.45E+15
326.78893	0	1.46E+15
326.85697	0	1.46E+15
326.44716	0	1.57E+15
326.51521	0	1.41E+15
326.6513	0	1.33E+15
326.51521	3.20E+15	1.64E+15
326.85697	4.02E+15	1.64E+15
326.51521	5.45E+14	1.49E+15
327.33471	1.28E+15	1.57E+15
326.3791	1.98E+15	1.55E+15
326.92501	8.04E+14	1.41E+15
336.5833	7.50E+15	2.36E+15
338.14137	9.54E+15	2.27E+15
339.42782	8.32E+15	2.06E+15
341.11941	9.49E+15	2.16E+15
342.80908	1.45E+16	2.29E+15
344.49678	1.55E+16	2.31E+15
345.91211	1.20E+16	2.10E+15
347.52897	1.85E+16	2.48E+15
349.27805	2.32E+16	2.64E+15
351.02488	2.00E+16	2.50E+15
351.82974	2.34E+16	2.59E+15
354.64516	2.59E+16	2.72E+15
355.64951	2.92E+16	2.81E+15
357.18634	3.35E+16	3.08E+15
359.45628	3.23E+16	2.95E+15
361.32204	3.97E+16	3.19E+15
363.18492	4.10E+16	3.27E+15
364.8462	4.46E+16	3.35E+15
366.37285	4.56E+16	3.45E+15
368.2937	4.70E+16	3.53E+15
369.94761	5.51E+16	3.70E+15
371.92816	5.46E+16	3.73E+15
373.83946	5.64E+16	3.86E+15
375.88002	6.15E+16	4.03E+15
377.71884	6.31E+16	4.07E+15
378.96473	7.03E+16	4.33E+15
380.99389	6.76E+16	4.26E+15
382.89027	7.66E+16	4.56E+15
385.17306	7.28E+16	4.49E+15
386.0189	7.96E+16	4.66E+15
388.55503	7.98E+16	4.70E+15
390.17551	8.62E+16	4.94E+15
392.50584	8.66E+16	5.00E+15
393.60446	9.17E+16	5.05E+15
395.9906	9.36E+16	5.14E+15
397.47153	9.24E+16	5.25E+15
399.71973	9.27E+16	5.40E+15
401.45012	1.02E+17	5.61E+15
403.24091	1.03E+17	5.71E+15
405.4111	1.02E+17	5.75E+15
407.44763	1.01E+17	5.71E+15
409.86186	9.78E+16	5.84E+15
412.77373	1.05E+17	5.96E+15
414.41538	1.09E+17	6.09E+15
416.0538	9.71E+16	6.06E+15
417.56222	1.12E+17	6.39E+15
419.69605	1.06E+17	6.32E+15
421.44871	1.05E+17	6.30E+15
423.76035	1.11E+17	6.54E+15
425.93843	1.03E+17	6.56E+15
427.80258	1.10E+17	6.49E+15
430.15598	1.03E+17	6.56E+15
432.13312	1.08E+17	6.77E+15
434.22652	1.08E+17	6.70E+15
436.25436	1.07E+17	6.84E+15
438.15467	1.12E+17	6.98E+15
439.98789	1.15E+17	7.10E+15
442.12162	1.01E+17	6.81E+15
443.88445	1.06E+17	7.03E+15
446.18804	1.11E+17	7.05E+15
448.12311	1.05E+17	7.12E+15
450.29316	1.05E+17	7.14E+15
451.91638	1.08E+17	7.04E+15
453.5359	1.09E+17	7.16E+15
456.10776	1.01E+17	7.16E+15
457.83645	1.05E+17	7.24E+15
459.85839	1.04E+17	7.11E+15
461.87442	9.80E+16	7.04E+15
463.64766	1.02E+17	7.06E+15
465.88743	9.78E+16	7.14E+15
467.65159	9.44E+16	7.01E+15
469.35143	9.27E+16	7.08E+15
471.57239	9.67E+16	7.25E+15
473.37975	9.83E+16	7.09E+15
475.06509	9.62E+16	7.08E+15
476.97846	9.90E+16	7.02E+15
478.88498	9.77E+16	7.12E+15
480.61504	9.82E+16	7.10E+15
483.25746	8.23E+16	6.89E+15
484.74649	9.26E+16	6.89E+15
486.06001	8.61E+16	6.78E+15
487.65751	9.19E+16	6.93E+15
489.1931	8.16E+16	6.77E+15
491.34781	8.60E+16	6.81E+15
492.98725	9.00E+16	6.80E+15
495.24276	8.50E+16	6.70E+15
497.09612	8.13E+16	6.66E+15
498.94533	8.40E+16	6.69E+15
500.62095	8.10E+16	6.64E+15
502.34889	8.81E+16	6.71E+15
504.23811	8.74E+16	6.59E+15
505.73412	7.95E+16	6.53E+15
507.28163	8.16E+16	6.43E+15
509.26585	8.21E+16	6.43E+15
511.07962	8.06E+16	6.47E+15
512.94145	8.27E+16	6.41E+15
514.25343	7.79E+16	6.26E+15
516.32416	7.54E+16	6.08E+15
517.84686	7.99E+16	6.18E+15
519.79651	8.76E+16	6.24E+15
521.25687	7.87E+16	6.16E+15
523.0348	7.91E+16	6.06E+15
525.02296	7.46E+16	6.02E+15
526.41647	7.88E+16	5.98E+15
527.96787	7.45E+16	5.80E+15
529.67356	7.68E+16	5.83E+15
531.37577	7.56E+16	5.87E+15
533.28459	7.55E+16	5.72E+15
534.65967	7.18E+16	5.55E+15
536.18941	7.51E+16	5.67E+15
537.97871	7.73E+16	5.63E+15
539.65715	7.68E+16	5.59E+15
541.12372	7.11E+16	5.37E+15
543.0029	7.05E+16	5.45E+15
544.46046	7.16E+16	5.41E+15
545.86289	6.96E+16	5.29E+15
548.14175	7.08E+16	5.26E+15
549.17456	6.88E+16	5.19E+15
550.8233	7.02E+16	5.19E+15
552.82847	6.82E+16	5.15E+15
554.00693	6.93E+16	5.12E+15
555.69527	6.47E+16	4.99E+15
557.073	6.85E+16	5.00E+15
558.65182	6.48E+16	4.95E+15
559.97145	6.80E+16	4.91E+15
561.7451	6.38E+16	4.79E+15
562.9588	6.36E+16	4.75E+15
565.22766	6.34E+16	4.80E+15
566.88686	6.31E+16	4.65E+15
568.141	6.32E+16	4.76E+15
569.99224	6.22E+16	4.69E+15
571.19073	5.72E+16	4.58E+15
572.78423	5.56E+16	4.35E+15
574.42457	5.44E+16	4.43E+15
575.614	5.35E+16	4.39E+15
576.80245	5.72E+16	4.42E+15
578.18578	5.37E+16	4.26E+15
580.10879	5.05E+16	4.30E+15
581.2883	5.02E+16	4.21E+15
582.81042	5.14E+16	4.21E+15
584.13288	4.76E+16	4.02E+15
585.74618	4.74E+16	4.13E+15
587.45293	4.76E+16	4.18E+15
588.32903	4.77E+16	4.08E+15
590.17477	4.71E+16	4.00E+15
591.43519	4.49E+16	4.01E+15
592.74164	4.73E+16	3.98E+15
594.4318	4.71E+16	3.98E+15
595.68486	4.26E+16	3.87E+15
596.8388	4.09E+16	3.92E+15
598.51959	4.47E+16	3.86E+15
599.91014	4.56E+16	3.94E+15
601.15295	3.98E+16	3.68E+15
602.87174	3.95E+16	3.74E+15
603.92082	4.37E+16	3.84E+15
605.20566	4.02E+16	3.75E+15
606.58308	3.87E+16	3.64E+15
607.72174	4.10E+16	3.66E+15
609.44974	3.79E+16	3.61E+15
610.41837	3.53E+16	3.63E+15
612.21113	3.75E+16	3.42E+15
613.20102	3.89E+16	3.69E+15
614.37732	4.08E+16	3.61E+15
616.02113	3.62E+16	3.60E+15
617.42712	3.68E+16	3.49E+15
618.69085	3.26E+16	3.43E+15
620.6068	3.83E+16	3.52E+15
622.19125	3.88E+16	3.58E+15
623.68117	3.49E+16	3.45E+15
625.58641	3.62E+16	3.46E+15
627.02351	3.43E+16	3.47E+15
628.59789	3.46E+16	3.53E+15
630.07646	3.28E+16	3.37E+15
632.19969	3.41E+16	3.36E+15
633.85741	2.82E+16	3.20E+15
635.42075	3.04E+16	3.28E+15
637.21041	2.88E+16	3.32E+15
638.85999	2.72E+16	3.35E+15
640.73497	2.80E+16	3.28E+15
642.28806	2.81E+16	3.27E+15
643.83896	2.23E+16	3.16E+15
645.38772	2.30E+16	3.11E+15
647.56998	2.11E+16	2.98E+15
648.93273	1.90E+16	3.00E+15
650.56517	1.87E+16	2.94E+15
652.6478	1.51E+16	2.76E+15
654.18523	1.48E+16	2.84E+15
655.94591	1.29E+16	2.82E+15
657.20867	1.15E+16	2.75E+15
658.8531	1.17E+16	2.73E+15
660.45071	1.08E+16	2.68E+15
662.02413	1.02E+16	2.58E+15
663.73015	9.08E+15	2.51E+15
665.16594	6.56E+15	2.44E+15
667.18213	4.85E+15	2.29E+15
668.79325	6.18E+15	2.40E+15
669.8222	7.08E+15	2.46E+15
671.56442	7.50E+15	2.43E+15
672.90331	4.38E+15	2.27E+15
674.2867	3.50E+15	2.25E+15
676.20331	3.05E+15	2.19E+15
677.36124	5.41E+15	2.23E+15
679.22944	8.40E+14	1.98E+15
680.60831	4.72E+15	2.24E+15
682.25211	1.00E+15	2.00E+15
683.98321	2.27E+15	2.01E+15
685.18113	9.33E+14	2.06E+15
686.82263	1.14E+15	1.95E+15
688.50622	-1.07E+14	1.84E+15
690.01208	2.36E+15	2.03E+15
690.80884	1.45E+15	1.96E+15
693.77212	2.28E+15	2.04E+15
694.74519	1.18E+15	1.90E+15
696.33592	-1.88E+14	1.78E+15
698.058	1.07E+15	1.90E+15
699.24994	2.63E+15	1.96E+15
700.9706	1.24E+15	1.88E+15
702.51453	4.95E+14	1.93E+15
704.01391	5.49E+14	1.82E+15
705.82146	1.52E+15	1.91E+15
707.53943	1.19E+15	1.84E+15
709.08111	5.04E+14	1.75E+15
710.62235	3.95E+14	1.89E+15
712.11928	-3.74E+14	1.81E+15
713.83533	4.23E+14	1.78E+15
715.77136	-7.21E+12	1.65E+15
717.13556	-3.01E+14	1.71E+15
718.54243	-7.79E+14	1.70E+15
720.21324	-1.82E+14	1.77E+15
722.06022	-8.61E+14	1.69E+15
723.64284	1.59E+14	1.80E+15
725.00608	-7.23E+14	1.59E+15
726.85147	-9.28E+14	1.69E+15
728.2145	-1.82E+15	1.56E+15
730.06067	-8.93E+14	1.56E+15
731.42259	-4.69E+14	1.75E+15
733.00466	-9.44E+14	1.73E+15
734.93842	-1.66E+15	1.63E+15
736.47668	-7.01E+14	1.65E+15
738.05884	-9.25E+14	1.50E+15
739.59723	-9.58E+14	1.51E+15
741.13572	-3.66E+14	1.69E+15
742.45408	3.42E+14	1.75E+15
744.52001	-6.83E+14	1.61E+15
746.54336	-1.88E+15	1.54E+15
747.86219	-1.52E+15	1.50E+15
749.57699	-2.86E+14	1.67E+15
750.98491	-1.57E+15	1.46E+15
752.92061	-1.38E+15	1.52E+15
754.24022	-1.37E+15	1.50E+15
755.8244	-1.35E+15	1.53E+15
757.40888	-1.28E+15	1.43E+15
758.73016	-1.19E+15	1.54E+15
760.53481	-1.15E+15	1.54E+15
762.25302	-1.15E+15	1.41E+15
763.92668	-1.23E+15	1.53E+15
765.73261	-1.19E+15	1.41E+15
767.05538	-1.16E+15	1.45E+15
768.81816	-1.17E+15	1.50E+15
770.44945	-1.17E+15	1.53E+15
772.08215	-1.19E+15	1.48E+15
774.02235	-1.16E+15	1.48E+15
775.25879	-1.13E+15	1.44E+15
777.11192	-1.17E+15	1.48E+15
778.79043	-1.11E+15	1.46E+15
780.33625	-1.14E+15	1.47E+15
782.05874	-1.11E+15	1.47E+15
783.64949	-9.84E+14	1.48E+15
785.35092	-9.76E+14	1.33E+15
786.69998	-8.72E+14	1.39E+15
788.51259	-7.98E+14	1.41E+15
790.23851	-7.43E+14	1.36E+15
792.00808	-7.69E+14	1.37E+15
793.60155	-7.31E+14	1.48E+15
795.19546	-6.38E+14	1.41E+15
797.01172	-4.48E+14	1.43E+15
798.73913	-3.43E+14	1.39E+15
800.246	-3.36E+14	1.49E+15
801.88589	-2.16E+14	1.46E+15
803.30508	-2.05E+14	1.48E+15
805.07851	-1.62E+14	1.31E+15
806.8977	-1.27E+14	1.25E+15
808.36227	-7.81E+13	1.35E+15
810.00426	-7.90E+13	1.43E+15
811.33565	-4.65E+13	1.45E+15
813.60052	-2.47E+13	1.37E+15
815.02121	-2.36E+13	1.38E+15
816.93167	0.00E+00	1.39E+15
818.53131	0.00E+00	1.26E+15
820.0426	0.00E+00	1.42E+15
822.57615	0.00E+00	1.36E+15
823.91075	0.00E+00	1.25E+15
825.33326	0.00E+00	1.32E+15
827.0686	0.00E+00	1.27E+15
828.89198	0.00E+00	1.30E+15
830.71668	0.00E+00	1.33E+15
832.27431	0.00E+00	1.39E+15
833.96534	0.00E+00	1.35E+15
835.61217	0.00E+00	1.18E+15
837.43783	0.00E+00	1.43E+15
838.68432	0.00E+00	1.30E+15
840.7768	0.00E+00	1.38E+15
842.46971	0.00E+00	1.39E+15
844.29499	0.00E+00	1.33E+15
845.80941	0.00E+00	1.31E+15
847.50159	0.00E+00	1.31E+15
849.46137	0.00E+00	1.23E+15
851.02034	0.00E+00	1.31E+15
852.44603	0.00E+00	1.44E+15
854.2271	0.00E+00	1.25E+15
855.91928	0.00E+00	1.30E+15
857.65681	0.00E+00	1.25E+15
858.94804	0.00E+00	1.38E+15
861.12953	0.00E+00	1.25E+15
862.82227	0.00E+00	1.38E+15
864.42501	0	1.39E+15
866.16077	0	1.40E+15
867.67433	0	1.34E+15
869.18768	0	1.32E+15
871.10125	0	1.32E+15
872.70282	0	1.29E+15
874.66	0	1.39E+15
876.43828	0	1.29E+15
878.08311	0	1.20E+15
879.68321	0	1.41E+15
881.37255	0	1.25E+15
882.88218	0	1.29E+15
884.88064	0	1.26E+15
886.56843	0	1.36E+15
888.2104	0	1.37E+15
889.58531	0	1.31E+15
891.44839	0	1.27E+15
893.31068	0	1.26E+15
895.17114	0	1.33E+15
896.89924	0	1.27E+15
898.36063	0	1.27E+15
900.2628	0	1.33E+15
901.94441	0	1.34E+15
903.35865	0	1.27E+15
905.17094	0	1.21E+15
906.9812	0	1.43E+15
908.57033	0	1.28E+15
910.11462	0	1.47E+15
911.65811	0	1.18E+15
914.12655	0	1.18E+15
915.79956	0	1.24E+15
916.85514	0	1.46E+15
918.39484	0	1.28E+15
920.50545	0	1.23E+15
922.17434	0	1.22E+15
923.79831	0	1.33E+15
925.46592	0	1.34E+15
927.08763	0	1.40E+15
928.83921	0	1.35E+15
930.32758	0	1.30E+15
932.47003	0	1.41E+15
934.04304	0	1.25E+15
936.35683	0	1.21E+15
937.79643	0	1.23E+15
939.40884	0	1.29E+15
940.88968	0	1.33E+15
942.97772	0	1.24E+15
943.84798	0	1.13E+15
945.67195	0	1.28E+15
947.32205	0	1.16E+15
949.14262	0	1.38E+15
950.61584	0	1.12E+15
952.30462	0	1.23E+15
954.25047	0	1.29E+15
955.84867	0	1.28E+15
957.22926	0	1.33E+15
958.8247	0	1.25E+15
960.54848	0	1.14E+15
962.18371	0	1.21E+15
963.7316	0	1.31E+15
965.6216	0	1.26E+15
967.12348	0	1.41E+15
969.13776	0	1.26E+15
970.59369	0	1.16E+15
972.26251	0	1.42E+15
974.18516	0	1.36E+15
975.67808	0	1.24E+15
977.25654	0	1.20E+15
979.13064	0	1.30E+15
980.91672	0	1.27E+15
982.48894	0	1.25E+15
984.10285	0	1.32E+15
985.75639	0	1.29E+15
987.28147	0	1.31E+15
989.14352	0	1.29E+15
990.66526	0	1.21E+15
992.22761	0	1.26E+15
994.33695	0.00E+00	1.26E+15
995.68462	0.00E+00	1.29E+15
996.94813	0.00E+00	1.22E+15
998.71476	0.00E+00	1.24E+15
999.97487	0.00E+00	1.28E+15
1002.15742	0.00E+00	1.18E+15
1003.87546	0.00E+00	1.36E+15
1005.42466	0.00E+00	1.29E+15
1007.30693	0.00E+00	1.20E+15
1008.56119	0.00E+00	1.37E+15
1010.27334	0.00E+00	1.20E+15
1011.94118	0.00E+00	1.21E+15
1013.48271	0.00E+00	1.34E+15
1015.39727	0.00E+00	1.30E+15
1016.93565	0.00E+00	1.32E+15
1018.51501	0.00E+00	1.25E+15
1019.96786	0.00E+00	1.35E+15
1021.58491	0.00E+00	1.35E+15
1023.28407	0.00E+00	1.25E+15
1024.8569	0.00E+00	1.31E+15
1026.34592	0.00E+00	1.36E+15
1027.54435	0.00E+00	1.34E+15
1029.40285	0.00E+00	1.18E+15
1031.30075	0.00E+00	1.31E+15
1032.99138	0.00E+00	1.29E+15
1034.92706	0.00E+00	1.24E+15
1036.03839	0.00E+00	1.19E+15
1037.97141	0.00E+00	1.44E+15
1039.4101	0.00E+00	1.21E+15
1040.84793	0.00E+00	1.36E+15
1042.44962	0.00E+00	1.43E+15
1044.1312	0.00E+00	1.32E+15
1046.01802	0.00E+00	1.28E+15
1047.4105	0.00E+00	1.28E+15
1049.17178	-9.91E+13	1.24E+15
1050.64542	9.20E+14	1.52E+15
1051.87359	6.08E+14	1.33E+15
1053.50926	3.64E+14	1.32E+15
1055.26749	-6.93E+13	1.27E+15
1056.86104	6.47E+14	1.43E+15
1058.25032	-1.75E+14	1.30E+15
1060.00491	8.44E+14	1.29E+15
1061.64329	4.12E+14	1.31E+15
1063.18874	1.33E+14	1.22E+15
1064.98369	9.31E+14	1.31E+15
1066.65807	9.36E+14	1.36E+15
1068.16577	3.50E+14	1.24E+15
1069.55312	-5.67E+14	1.27E+15
1071.51383	-4.09E+14	1.29E+15
1073.1046	4.71E+14	1.42E+15
1074.69545	-6.24E+12	1.31E+15
1076.20318	1.12E+15	1.42E+15
1077.84062	1.44E+15	1.48E+15
1079.3118	1.57E+15	1.56E+15
1081.06093	4.75E+14	1.44E+15
1082.61613	9.40E+14	1.44E+15
1084.20885	1.29E+15	1.56E+15
1085.92256	7.38E+14	1.42E+15
1087.51651	8.84E+14	1.44E+15
1088.82371	1.47E+15	1.44E+15
1090.5025	1.14E+15	1.48E+15
1092.51644	-6.98E+13	1.30E+15
1093.86298	8.22E+14	1.43E+15
1095.78654	1.29E+15	1.52E+15
1097.107	1.59E+15	1.52E+15
1099.11711	8.36E+14	1.58E+15
1100.38375	1.22E+15	1.48E+15
1101.86565	1.14E+14	1.49E+15
1103.6007	9.71E+14	1.61E+15
1105.24407	2.42E+15	1.61E+15
1106.88906	1.43E+15	1.58E+15
1108.83537	1.70E+15	1.47E+15
1110.19367	1.78E+15	1.64E+15
1112.09745	1.87E+15	1.65E+15
1113.29921	2.08E+15	1.61E+15
1114.75593	1.59E+15	1.56E+15
1116.5815	1.86E+15	1.64E+15
1118.3249	1.75E+15	1.58E+15
1119.74034	8.21E+14	1.58E+15
1121.40333	2.23E+15	1.54E+15
1123.11615	2.11E+15	1.56E+15
1124.79372	1.28E+15	1.56E+15
1126.17	2.56E+15	1.68E+15
1128.01425	2.12E+15	1.67E+15
1129.73799	1.65E+15	1.70E+15
1131.25474	2.43E+15	1.76E+15
1133.10865	2.57E+15	1.72E+15
1134.71709	9.37E+14	1.51E+15
1136.49161	2.30E+15	1.69E+15
1138.35627	1.89E+15	1.68E+15
1139.50205	3.53E+15	1.74E+15
1141.50845	3.21E+15	1.74E+15
1142.90999	2.85E+15	1.73E+15
1144.87617	2.76E+15	1.86E+15
1146.54585	2.76E+15	1.77E+15
1148.21904	2.76E+15	1.66E+15
1149.85678	3.37E+15	1.85E+15
1151.53711	2.82E+15	1.79E+15
1153.13295	3.63E+15	1.91E+15
1154.73217	2.43E+15	1.82E+15
1156.07896	3.78E+15	1.89E+15
1158.16791	2.84E+15	1.81E+15
1159.72866	2.35E+15	1.81E+15
1161.35226	4.19E+15	1.90E+15
1162.75111	2.14E+15	1.78E+15
1164.50105	4.22E+15	1.94E+15
1166.26533	3.62E+15	1.94E+15
1167.93401	3.27E+15	1.96E+15
1169.5766	3.81E+15	1.96E+15
1171.38395	3.81E+15	1.98E+15
1173.07508	4.54E+15	2.05E+15
1175.478	4.66E+15	1.98E+15
1177.04747	4.08E+15	2.00E+15
1178.7933	3.88E+15	2.01E+15
1180.26856	4.52E+15	2.08E+15
1182.11458	5.29E+15	2.10E+15
1183.74035	5.96E+15	2.02E+15
1185.68819	5.98E+15	2.19E+15
1187.27105	5.90E+15	2.08E+15
1189.08452	5.21E+15	2.11E+15
1190.77866	5.77E+15	2.13E+15
1192.88146	6.35E+15	2.16E+15
1194.52254	5.95E+15	2.13E+15
1196.40726	5.75E+15	2.08E+15
1198.16116	5.52E+15	2.12E+15
1199.8251	6.86E+15	2.30E+15
1201.57696	4.91E+15	2.16E+15
1203.34361	8.15E+15	2.31E+15
1204.63978	5.45E+15	2.20E+15
1206.83689	8.46E+15	2.28E+15
1208.42538	8.25E+15	2.49E+15
1210.34661	8.72E+15	2.41E+15
1212.50711	8.85E+15	2.46E+15
1214.19282	8.32E+15	2.38E+15
1216.03198	7.51E+15	2.37E+15
1217.92897	8.54E+15	2.46E+15
1219.40025	7.28E+15	2.34E+15
1221.39109	7.51E+15	2.46E+15
1223.44052	9.03E+15	2.53E+15
1225.20248	1.06E+16	2.63E+15
1227.01119	8.09E+15	2.46E+15
1228.83424	9.38E+15	2.54E+15
1230.90012	9.11E+15	2.64E+15
1232.87206	8.22E+15	2.53E+15
1234.45446	9.74E+15	2.67E+15
1236.236	1.02E+16	2.54E+15
1238.45858	1.01E+16	2.55E+15
1240.30104	1.06E+16	2.65E+15
1241.99226	1.01E+16	2.73E+15
1244.27981	1.03E+16	2.75E+15
1245.77744	1.13E+16	2.72E+15
1247.82793	1.26E+16	2.95E+15
1249.62685	1.17E+16	2.88E+15
1251.96904	1.28E+16	2.89E+15
1253.52819	1.20E+16	2.77E+15
1255.71924	1.17E+16	2.84E+15
1257.33588	1.37E+16	2.98E+15
1259.14157	1.27E+16	3.05E+15
1261.04768	1.42E+16	3.05E+15
1263.09839	1.39E+16	3.06E+15
1264.71696	1.28E+16	2.99E+15
1266.72348	1.51E+16	3.18E+15
1268.62987	1.61E+16	3.16E+15
1270.19221	1.49E+16	3.17E+15
1272.38507	1.70E+16	3.27E+15
1274.00097	1.50E+16	3.27E+15
1276.29004	1.42E+16	3.13E+15
1277.56056	1.78E+16	3.24E+15
1279.80081	1.57E+16	3.24E+15
1281.65206	1.73E+16	3.29E+15
1283.48942	1.79E+16	3.42E+15
1285.57592	1.73E+16	3.42E+15
1287.50448	1.81E+16	3.45E+15
1289.14461	1.85E+16	3.36E+15
1291.11894	1.70E+16	3.26E+15
1293.1853	2.13E+16	3.47E+15
1294.671	1.97E+16	3.44E+15
1296.33646	2.12E+16	3.37E+15
1298.38404	1.95E+16	3.38E+15
1300.23023	2.20E+16	3.52E+15
1301.97283	2.02E+16	3.44E+15
1304.17529	2.11E+16	3.43E+15
1305.85847	2.07E+16	3.34E+15
1307.71232	2.40E+16	3.54E+15
1309.0541	2.24E+16	3.47E+15
1311.22216	2.43E+16	3.53E+15
1312.81694	2.46E+16	3.58E+15
1314.72033	2.33E+16	3.47E+15
1316.43641	2.30E+16	3.36E+15
1318.08952	2.35E+16	3.48E+15
1320.18103	2.76E+16	3.61E+15
1321.71588	2.43E+16	3.50E+15
1323.45501	2.52E+16	3.57E+15
1325.22603	2.51E+16	3.47E+15
1326.30297	3.13E+16	3.56E+15
1328.11993	2.70E+16	3.44E+15
1329.50849	2.72E+16	3.37E+15
1331.65874	2.88E+16	3.39E+15
1333.13089	2.83E+16	3.27E+15
1334.82124	2.89E+16	3.18E+15
1336.25387	2.88E+16	3.18E+15
1337.55228	3.40E+16	3.33E+15
1339.28595	3.11E+16	3.16E+15
1340.5777	3.36E+16	3.30E+15
1342.37014	3.28E+16	3.11E+15
1343.61394	3.28E+16	3.06E+15
1345.01425	3.43E+16	3.11E+15
1346.45681	3.49E+16	3.09E+15
1347.58866	3.91E+16	3.18E+15
1348.87263	3.65E+16	3.12E+15
1350.18509	4.08E+16	3.25E+15
1351.59158	3.89E+16	3.23E+15
1352.92663	3.98E+16	3.17E+15
1354.07078	3.62E+16	3.02E+15
1354.30474	3.62E+16	3.01E+15
1354.33139	3.54E+16	3.03E+15
1354.65609	3.24E+16	2.85E+15
1354.68246	3.83E+16	3.10E+15
1354.91889	3.24E+16	2.87E+15
1354.97774	2.78E+16	2.66E+15
1354.82714	3.12E+16	2.83E+15
1354.68246	3.02E+16	2.81E+15
1353.77449	2.59E+16	2.59E+15
1352.68393	2.76E+16	2.60E+15
1351.31229	2.37E+16	2.54E+15
1349.1739	2.26E+16	2.37E+15
1346.52769	2.14E+16	2.42E+15
1343.39159	1.99E+16	2.37E+15
1339.25125	1.85E+16	2.34E+15
1335.18344	1.44E+16	2.11E+15
1329.83935	1.56E+16	2.21E+15
1324.84598	1.42E+16	2.18E+15
1318.53367	1.12E+16	2.11E+15
1311.99998	1.02E+16	1.91E+15
1305.10782	1.03E+16	1.98E+15
1297.95366	6.97E+15	1.77E+15
1290.35604	6.92E+15	1.83E+15
1282.90664	5.03E+15	1.71E+15
1275.17347	6.79E+15	1.80E+15
1267.31096	7.29E+15	1.84E+15
1260.3162	4.69E+15	1.74E+15
1252.15696	4.77E+15	1.64E+15
1244.90732	3.26E+15	1.61E+15
1237.63695	4.00E+15	1.69E+15
1230.42133	4.34E+15	1.70E+15
1223.28935	3.95E+15	1.61E+15
1215.98916	2.96E+15	1.59E+15
1209.45438	2.68E+15	1.57E+15
1203.43837	3.29E+15	1.67E+15
1197.05402	1.87E+15	1.63E+15
1191.00624	1.32E+15	1.52E+15
1185.37001	2.18E+15	1.47E+15
1179.33216	1.45E+15	1.62E+15
1174.14425	1.67E+15	1.60E+15
1168.51448	4.71E+14	1.28E+15
1163.09877	5.35E+14	1.41E+15
1158.2962	7.52E+14	1.46E+15
1153.04475	8.37E+13	1.47E+15
1149.25197	9.14E+14	1.47E+15
1143.97482	5.06E+14	1.50E+15
1139.20342	9.37E+14	1.48E+15
1134.5063	1.05E+15	1.53E+15
1129.99538	9.57E+13	1.37E+15
1125.75218	4.33E+14	1.45E+15
1121.74379	-3.78E+11	1.34E+15
1117.4953	-3.18E+13	1.42E+15
1113.29921	2.33E+14	1.52E+15
1109.74388	-2.22E+13	1.40E+15
1105.53369	-5.25E+14	1.34E+15
1101.57663	-6.84E+13	1.35E+15
1098.13043	-2.41E+14	1.38E+15
1094.15096	-1.10E+15	1.26E+15
1090.5025	-4.79E+14	1.32E+15
1087.10869	-4.88E+14	1.46E+15
1083.27353	-2.20E+14	1.38E+15
1079.80225	2.78E+14	1.44E+15
1076.28643	5.08E+14	1.48E+15
1073.22483	-1.03E+15	1.30E+15
1069.75659	-2.15E+14	1.41E+15
1066.65807	8.84E+13	1.56E+15
1063.30903	-6.19E+14	1.33E+15
1060.17155	-6.24E+14	1.25E+15
1056.82028	-1.21E+15	1.29E+15
1053.87728	-2.12E+14	1.45E+15
1051.01373	-7.62E+14	1.45E+15
1047.77918	-5.31E+14	1.26E+15
1045.23835	-1.30E+15	1.35E+15
1041.83363	-2.39E+14	1.48E+15
1038.91728	-5.18E+14	1.34E+15
1036.12049	-9.61E+14	1.32E+15
1033.73299	-1.43E+15	1.40E+15
1031.01276	-1.67E+15	1.27E+15
1027.668	0.00E+00	1.40E+15
1025.188	0.00E+00	1.27E+15
1022.74509	0.00E+00	1.46E+15
1020.25753	0.00E+00	1.32E+15
1017.55928	0.00E+00	1.42E+15
1015.10584	0.00E+00	1.50E+15
1012.10749	0.00E+00	1.34E+15
1010.06427	0.00E+00	1.29E+15
1007.34958	0.00E+00	1.20E+15
1004.8809	0.00E+00	1.40E+15
1002.61847	0.00E+00	1.32E+15
999.72254	0.00E+00	0.00E+00
997.41072	0.00E+00	0.00E+00
995.1795	0.00E+00	0.00E+00
992.60742	0.00E+00	0.00E+00
989.98891	0.00E+00	0
987.95902	0.00E+00	0.00E+00
985.54499	0.00E+00	0.00E+00
983.04153	0.00E+00	0.00E+00
981.04491	0.00E+00	0.00E+00
978.70504	0.00E+00	0
976.40322	0.00E+00	0
974.18516	0.00E+00	0.00E+00
972.30516	0.00E+00	0.00E+00
969.52322	0.00E+00	0.00E+00
967.767	0.00E+00	0.00E+00
965.6216	0.00E+00	0.00E+00
963.259	0.00E+00	0
961.538	0.00E+00	0.00E+00
959.21356	0.00E+00	0.00E+00
957.10015	0.00E+00	0
955.02821	0.00E+00	0.00E+00
953.0391	0	0
951.00555	0	0
948.92645	0	0
946.93155	0	0
944.97783	0	0
942.84759	0	0
941.19459	0	0
939.49575	0	0
937.491	0	0
935.74647	0	0
933.73804	0	0
931.77132	0	0
930.10835	0	0
927.74414	0	0
926.16661	0	0
